0	77.1804
33.3333	74.6989
66.6667	74.6201
100	74.5393
133.3333	71.8212
166.6667	71.9691
200	71.6774
233.3333	70.9934
266.6667	70.6623
300	66.1467
333.3333	63.2454
366.6667	62.8118
400	61.6844
433.3333	61.5996
466.6667	54.0803
500	54.0014
533.3333	54.1
566.6667	53.6427
600	54.1552
633.3333	54.1177
666.6667	54.0941
700	54.0389
733.3333	54.0428
766.6667	53.9719
800	51.5712
833.3333	52.1743
866.6667	52.5626
900	54.234
933.3333	55.0638
966.6667	56.6662
1000	56.6938
1033.3334	56.7963
1066.6666	58.4086
1100	71.1767
1133.3334	79.1829
1166.6666	79.4943
1200	79.2677
1233.3334	79.7447
1266.6666	79.4904
1300	75.5602
1333.3334	72.3061
1366.6666	68.6952
1400	64.6606
1433.3334	58.3711
1466.6666	58.2687
1500	57.8902
1533.3334	57.5611
1566.6666	56.6347
1600	56.2996
1633.3334	56.136
1666.6666	55.9882
1700	55.7773
1733.3334	55.5684
1766.6666	53.4732
1800	53.3963
1833.3334	53.5205
1866.6666	53.3234
1900	53.2879
1933.3334	52.9903
1966.6666	53.0297
2000	52.7518
2033.3334	52.7834
2066.6667	52.7656
2100	50.7611
2133.3333	50.5995
2166.6667	50.8005
2200	50.9464
2233.3333	50.8301
2266.6667	50.7217
2300	50.7434
2333.3333	50.7453
2366.6667	50.6054
2400	51.3761
2433.3333	51.7683
2466.6667	51.7328
2500	51.5081
2533.3333	51.4805
2566.6667	51.4588
2600	51.4825
2633.3333	53.0514
2666.6667	90.7862
2700	107.1297
2733.3333	116.8152
2766.6667	116.9138
2800	113.4606
2833.3333	102.9
2866.6667	82.7701
2900	76.9064
2933.3333	70.9402
2966.6667	68.5001
3000	65.3189
3033.3333	62.2658
3066.6667	54.4824
3100	54.2123
3133.3333	54.0586
3166.6667	54.0625
3200	54.098
3233.3333	53.8871
3266.6667	53.8792
3300	53.6743
3333.3333	53.2978
3366.6667	51.4194
3400	51.3623
3433.3333	51.313
3466.6667	50.9996
3500	51.583
3533.3333	52.1329
3566.6667	51.9437
3600	51.9615
3633.3333	52.5468
3666.6667	52.5271
3700	51.6855
3733.3333	51.6047
3766.6667	51.3327
3800	51.4115
3833.3333	51.4588
3866.6667	51.4588
3900	51.4687
3933.3333	51.4608
3966.6667	51.6638
4000	53.5383
4033.3333	53.6743
4066.6667	53.6388
4100	53.692
4133.3335	61.2646
4166.6665	75.4873
4200	86.7969
4233.3335	90.0747
4266.6665	90.5378
4300	89.4972
4333.3335	77.4839
4366.6665	75.6923
4400	72.1938
4433.3335	64.6251
4466.6665	62.7763
4500	60.4367
4533.3335	58.7397
4566.6665	57.1334
4600	56.2228
4633.3335	55.801
4666.6665	52.4976
4700	52.1822
4733.3335	52.3734
4766.6665	52.4798
4800	52.4325
4833.3335	52.3694
4866.6665	52.5744
4900	52.5843
4933.3335	52.6395
4966.6665	52.5843
5000	50.9996
5033.3335	50.8735
5066.6665	50.7848
5100	50.8754
5133.3335	50.9661
5166.6665	50.9168
5200	50.9385
5233.3335	50.903
5266.6665	50.7453
5300	49.6731
5333.3335	49.6554
5366.6665	49.8761
5400	49.9412
5433.3335	49.953
5466.6665	49.9294
5500	50.4793
5533.3335	50.5207
5566.6665	50.4635
5600	50.4635
5633.3335	62.1397
5666.6665	65.4056
5700	75.4932
5733.3335	76.7665
5766.6665	72.6412
5800	70.2543
5833.3335	70.3036
5866.6665	69.7832
5900	69.935
5933.3335	69.8384
5966.6665	66.6395
6000	66.4109
6033.3335	65.3623
6066.6665	62.12
6100	59.4966
6133.3335	56.2563
6166.6665	54.7071
6200	53.9088
6233.3335	53.9127
6266.6665	52.1231
6300	52.0639
6333.3335	52.1625
6366.6665	52.1467
6400	52.1664
6433.3335	51.9851
6466.6665	51.9496
6500	51.8097
6533.3335	51.8649
6566.6665	51.7466
6600	49.3302
6633.3335	49.1764
6666.6665	49.1114
6700	48.936
6733.3335	48.9399
6766.6665	49.0523
6800	49.0483
6833.3335	49.0148
6866.6665	49.5332
6900	49.8663
6933.3335	52.3951
6966.6665	52.3616
7000	52.5567
7033.3335	52.4798
7066.6665	68.0468
7100	79.8117
7133.3335	80.5409
7166.6665	80.7518
7200	80.6947
7233.3335	77.951
7266.6665	77.9097
7300	74.3421
7333.3335	70.0631
7366.6665	67.3766
7400	63.7776
7433.3335	61.2626
7466.6665	58.8107
7500	58.3928
7533.3335	57.6517
7566.6665	51.7427
7600	51.3071
7633.3335	50.8932
7666.6665	51.1435
7700	51.3544
7733.3335	51.2184
7766.6665	51.2933
7800	51.3169
7833.3335	51.449
7866.6665	51.4017
7900	51.4332
7933.3335	51.8747
7966.6665	51.7486
8000	51.6146
8033.3335	51.4588
8066.6665	51.5751
8100	51.52
8133.3335	51.3839
8166.6665	51.2066
8200	51.3248
8233.333	51.1474
8266.667	50.8892
8300	51.52
8333.333	51.6481
8366.667	51.4963
8400	51.4983
8433.333	51.4726
8466.667	51.242
8500	51.2519
8533.333	48.2481
8566.667	48.1555
8600	48.051
8633.333	66.1664
8666.667	69.0579
8700	70.9284
8733.333	71.3403
8766.667	64.0319
8800	60.4505
8833.333	54.9101
8866.667	54.6203
8900	54.2715
8933.333	53.688
8966.667	53.0573
9000	53.0849
9033.333	52.1921
9066.667	51.179
9100	50.8262
9133.333	50.087
9166.667	13.8009
9200	13.661
9233.333	2.1228
9266.667	2.6549
9300	3.3093
9333.333	3.7114
9366.667	4.0681
9400	4.6969
9433.333	4.6969
9466.667	44.8856
9500	45.1241
9533.333	45.2305
9566.667	45.6267
9600	45.6759
9633.333	45.6464
9666.667	45.536
9700	45.4394
9733.333	45.8041
9766.667	51.0134
9800	50.9286
9833.333	50.426
9866.667	50.8478
9900	50.7848
9933.333	50.7848
9966.667	50.8419
10000	50.8636
10033.333	50.3255
10066.667	53.2288
10100	68.3207
10133.333	69.8857
10166.667	70.1597
10200	69.8778
10233.333	64.903
10266.667	61.8559
10300	59.7607
10333.333	58.5209
10366.667	57.4113
10400	56.0158
10433.333	52.4404
10466.667	52.2137
10500	52.1526
10533.333	52.403
10566.667	52.5764
10600	52.669
10633.333	52.6316
10666.667	52.6355
10700	52.6947
10733.333	52.742
10766.667	50.3255
10800	50.2881
10833.333	50.3216
10866.667	50.1678
10900	50.0654
10933.333	50.2684
10966.667	51.0942
11000	51.0311
11033.333	50.5778
11066.667	54.8312
11100	54.1749
11133.333	54.1907
11166.667	54.2044
11200	54.1729
11233.333	53.9955
11266.667	53.7531
11300	53.7708
11333.333	53.8201
11366.667	53.8851
11400	53.3806
11433.333	53.2347
11466.667	52.9726
11500	53.4259
11533.333	53.5008
11566.667	52.6257
11600	52.742
11633.333	53.2801
11666.667	53.1618
11700	52.876
11733.333	52.9982
11766.667	53.1421
11800	52.9785
11833.333	52.9016
11866.667	52.8819
11900	52.8504
11933.333	53.1795
11966.667	52.7223
12000	52.5114
12033.333	50.4063
12066.667	50.4674
12100	50.9799
12133.333	50.905
12166.667	50.8439
12200	62.5162
12233.333	105.1568
12266.667	102.7147
12300	101.1537
12333.333	102.2436
12366.667	116.5925
12400	115.4237
12433.333	114.2036
12466.667	111.8562
12500	109.4772
12533.333	107.0489
12566.667	104.1949
12600	103.2823
12633.333	98.0947
12666.667	85.2043
12700	85.1728
12733.333	85.4093
12766.667	77.4642
12800	66.811
12833.333	63.5982
12866.667	62.2678
12900	61.9978
12933.333	61.2665
12966.667	59.7883
13000	58.3022
13033.333	58.3731
13066.667	57.4251
13100	59.3685
13133.333	60.4269
13166.667	62.4117
13200	63.8663
13233.333	111.1959
13266.667	241.0473
13300	301.4427
13333.333	372.3316
13366.667	467.8561
13400	531.8544
13433.333	546.5778
13466.667	552.9915
13500	555.8553
13533.333	508.8292
13566.667	449.6953
13600	380.0776
13633.333	309.575
13666.667	270.3265
13700	228.1648
13733.333	188.3842
13766.667	157.4986
13800	135.5988
13833.333	117.9604
13866.667	105.1449
13900	101.8612
13933.333	102.1569
13966.667	113.2832
14000	113.3738
14033.333	114.4362
14066.667	118.5615
14100	122.3715
14133.333	124.6026
14166.667	124.1572
14200	128.7181
14233.333	129.7075
14266.667	130.624
14300	141.0881
14333.333	140.8496
14366.667	141.0546
14400	179.6645
14433.333	189.4741
14466.667	193.9286
14500	195.0205
14533.333	197.2044
14566.667	199.3469
14600	201.7278
14633.333	201.5504
14666.667	199.7529
14700	193.3097
14733.333	189.5963
14766.667	188.0826
14800	180.6914
14833.333	177.9872
14866.667	166.6165
14900	160.4295
14933.333	150.1015
14966.667	149.8669
15000	149.6698
15033.333	148.5739
15066.667	146.8118
15100	145.6628
15133.333	145.3592
15166.667	145.0616
15200	143.5755
15233.333	140.4317
15266.667	140.0848
15300	140.2189
15333.333	139.9015
15366.667	140.1341
15400	139.8227
15433.333	140.2524
15466.667	140.002
15500	139.0658
15533.333	138.5337
15566.667	129.0157
15600	130.6654
15633.333	163.7467
15666.667	177.1613
15700	178.0167
15733.333	177.2973
15766.667	171.2976
15800	150.0305
15833.333	135.453
15866.667	128.726
15900	119.4761
15933.333	119.6318
15966.667	118.9735
16000	119.0148
16033.333	125.8345
16066.667	133.7185
16100	137.5127
16133.333	138.4686
16166.667	138.2459
16200	132.8394
16233.333	119.7796
16266.667	119.6515
16300	118.0215
16333.333	115.4454
16366.667	111.2511
16400	108.9391
16433.334	107.9142
16466.666	105.953
16500	103.4026
16533.334	95.2682
16566.666	95.079
16600	95.0731
16633.334	95.2012
16666.666	95.2978
16700	105.6022
16733.334	110.1375
16766.666	110.7583
16800	108.2138
16833.334	103.9564
16866.666	94.0048
16900	92.8755
16933.334	92.2684
16966.666	91.5194
17000	91.7382
17033.334	91.4248
17066.666	92.1127
17100	93.6402
17133.334	93.9122
17166.666	95.3747
17200	97.9449
17233.334	97.598
17266.666	92.6646
17300	89.2606
17333.334	83.1979
17366.666	77.0878
17400	73.6306
17433.334	72.3061
17466.666	71.2437
17500	69.393
17533.334	67.83
17566.666	67.5895
17600	67.4732
17633.334	67.4929
17666.666	67.4101
17700	67.4712
17733.334	67.4712
17766.666	67.5343
17800	67.554
17833.334	67.5678
17866.666	69.1959
17900	69.0126
17933.334	69.0205
17966.666	85.3068
18000	88.6969
18033.334	88.5452
18066.666	86.9684
18100	86.1248
18133.334	80.2827
18166.666	72.0321
18200	71.6439
18233.334	71.3994
18266.666	71.1669
18300	70.479
18333.334	70.3864
18366.666	70.82
18400	70.5007
18433.334	70.5697
18466.666	70.142
18500	64.1619
18533.334	64.0496
18566.666	64.1383
18600	64.0299
18633.334	64.0732
18666.666	64.0023
18700	64.1876
18733.334	64.1442
18766.666	64.2152
18800	63.8939
18833.334	62.5181
18866.666	62.0628
18900	61.846
18933.334	62.049
18966.666	61.9308
19000	62.5832
19033.334	63.48
19066.666	63.4248
19100	93.1534
19133.334	112.2464
19166.666	118.0136
19200	115.2167
19233.334	91.4839
19266.666	84.4928
19300	77.7835
19333.334	73.1379
19366.666	71.5256
19400	70.0592
19433.334	68.1138
19466.666	67.282
19500	62.4215
19533.334	62.5615
19566.666	62.5418
19600	62.5713
19633.334	62.6443
19666.666	62.6167
19700	62.4688
19733.334	62.4215
19766.666	62.2481
19800	64.0949
19833.334	63.9491
19866.666	64.0319
19900	63.7007
19933.334	63.8229
19966.666	63.7973
20000	63.7717
20033.334	63.7204
20066.666	63.8288
20100	63.7993
20133.334	65.8866
20166.666	65.9417
20200	65.7959
20233.334	65.6973
20266.666	65.5633
20300	65.4884
20333.334	65.3761
20366.666	65.3406
20400	65.3347
20433.334	65.3229
20466.666	68.2734
20500	65.9142
20533.334	67.7196
20566.666	68.8411
20600	69.2176
20633.334	68.6065
20666.666	67.4949
20700	65.2184
20733.334	63.7855
20766.666	63.6534
20800	63.7638
20833.334	62.9301
20866.666	62.5635
20900	62.2954
20933.334	62.0293
20966.666	61.9682
21000	62.2067
21033.334	62.3427
21066.666	62.0727
21100	63.1686
21133.334	63.0582
21166.666	63.413
21200	63.9944
21233.334	64.0535
21266.666	63.8348
21300	63.8525
21333.334	63.7796
21366.666	64.1324
21400	70.5973
21433.334	70.2819
21466.666	70.2366
21500	70.073
21533.334	69.5782
21566.666	69.2274
21600	69.324
21633.334	69.0993
21666.666	69.3555
21700	69.2097
21733.334	68.8352
21766.666	68.8056
21800	69.4442
21833.334	69.3811
21866.666	69.462
21900	68.1493
21933.334	67.757
21966.666	66.3064
22000	66.2019
22033.334	65.9615
22066.666	65.1415
22100	64.9779
22133.334	64.501
22166.666	64.428
22200	64.2881
22233.334	64.3709
22266.666	64.0555
22300	100.7713
22333.334	246.298
22366.666	387.871
22400	473.8026
22433.334	539.7621
22466.666	565.5467
22500	570.3776
22533.334	572.66
22566.666	571.8204
22600	521.1342
22633.334	446.2815
22666.666	402.3835
22700	327.5013
22733.334	281.7386
22766.666	238.1243
22800	201.3435
22833.334	166.6795
22866.666	131.5642
22900	121.0016
22933.334	111.8483
22966.666	110.4213
23000	110.0153
23033.334	115.3094
23066.666	115.335
23100	114.7417
23133.334	118.2324
23166.666	120.8696
23200	126.1085
23233.334	126.2129
23266.666	126.9048
23300	130.3225
23333.334	140.2859
23366.666	140.2464
23400	140.3332
23433.334	140.6604
23466.666	141.2398
23500	141.5059
23533.334	141.6537
23566.666	141.5375
23600	141.092
23633.334	140.2583
23666.666	135.9043
23700	135.7486
23733.334	135.6166
23766.666	160.2659
23800	176.2783
23833.334	180.2676
23866.666	184.0145
23900	184.1248
23933.334	184.4264
23966.666	184.7713
24000	181.2827
24033.334	156.5644
24066.666	153.5605
24100	150.2434
24133.334	142.7201
24166.666	140.5322
24200	137.3708
24233.334	136.3636
24266.666	135.8117
24300	125.9173
24333.334	125.7064
24366.666	125.5467
24400	124.2439
24433.334	124.1256
24466.666	120.8696
24500	120.6725
24533.334	119.547
24566.666	119.4879
24600	119.4879
24633.334	113.3916
24666.666	113.1531
24700	113.0585
24733.334	113.2221
24766.666	110.9456
24800	109.1066
24833.334	105.3105
24866.666	101.2975
24900	98.2957
24933.334	96.7209
24966.666	94.2985
25000	94.3241
25033.334	94.3754
25066.666	94.6947
25100	107.5239
25133.334	114.9526
25166.666	116.965
25200	115.0413
25233.334	112.9067
25266.666	102.9197
25300	102.6358
25333.334	102.3717
25366.666	101.3665
25400	100.5722
25433.334	98.4159
25466.666	96.7879
25500	94.4365
25533.334	90.7862
25566.666	89.9741
25600	80.7045
25633.334	80.5666
25666.666	80.6553
25700	80.4522
25733.334	78.4339
25766.666	77.5943
25800	76.7941
25833.334	76.8788
25866.666	77.141
25900	77.005
25933.334	76.2934
25966.666	75.7652
26000	75.6647
26033.334	75.369
26066.666	74.7423
26100	74.3796
26133.334	73.5537
26166.666	74.9236
26200	76.3762
26233.334	78.5207
26266.666	78.1146
26300	77.9727
26333.334	76.6403
26366.666	75.0044
26400	73.1359
26433.334	72.7279
26466.666	72.7003
26500	91.07
26533.334	107.5141
26566.666	115.6267
26600	115.199
26633.334	113.9119
26666.666	91.1981
26700	79.043
26733.334	76.3664
26766.666	76.0352
26800	75.9406
26833.334	75.3612
26866.666	72.0321
26900	71.8311
26933.334	71.8429
26966.666	71.7582
27000	71.569
27033.334	71.3009
27066.666	71.1688
27100	71.1629
27133.334	71.0545
27166.666	70.9796
27200	68.845
27233.334	68.7169
27266.666	68.7071
27300	68.5494
27333.334	68.7209
27366.666	68.6893
27400	68.6893
27433.334	68.644
27466.666	68.4646
27500	68.4942
27533.334	71.7641
27566.666	72.0637
27600	71.9553
27633.334	71.8311
27666.666	71.7345
27700	71.5985
27733.334	71.1413
27766.666	71.0979
27800	70.3213
27833.334	70.1893
27866.666	69.2905
27900	77.4051
27933.334	78.7355
27966.666	79.1829
28000	78.8695
28033.334	73.8435
28066.666	70.4415
28100	70.477
28133.334	69.5546
28166.666	71.8469
28200	72.0972
28233.334	72.0597
28266.666	72.7003
28300	72.722
28333.334	72.5919
28366.666	72.7003
28400	72.588
28433.334	72.8521
28466.666	72.5485
28500	76.1555
28533.334	75.8697
28566.666	76.0786
28600	76.0549
28633.334	76.1732
28666.666	76.6699
28700	76.5536
28733.334	76.5812
28766.666	76.5871
28800	78.7119
28833.334	78.5857
28866.666	78.7769
28900	78.2861
28933.334	78.8479
28966.666	78.6685
29000	78.7079
29033.334	78.3945
29066.666	78.5285
29100	78.1895
29133.334	74.5353
29166.666	74.1076
29200	73.8632
29233.334	73.944
29266.666	73.0334
29300	73.9854
29333.334	78.7158
29366.666	78.4812
29400	78.6212
29433.334	76.3605
29466.666	75.7928
29500	71.2516
29533.334	71.427
29566.666	73.1241
29600	73.1655
29633.334	73.3764
29666.666	73.2069
29700	73.2128
29733.334	73.2266
29766.666	73.061
29800	72.99
29833.334	72.9565
29866.666	76.2146
29900	76.0451
29933.334	75.9998
29966.666	76.3151
30000	76.1634
30033.334	77.7066
30066.666	78.223
30100	78.9681
30133.334	79.2204
30166.666	79.175
30200	84.3134
30233.334	84.4494
30266.666	84.0414
30300	84.5638
30333.334	84.4218
30366.666	84.5677
30400	84.3469
30433.334	84.4514
30466.666	84.3469
30500	85.1787
30533.334	85.0329
30566.666	85.5552
30600	85.0604
30633.334	85.3324
30666.666	85.1984
30700	85.1649
30733.334	74.0386
30766.666	72.1346
30800	71.1077
30833.334	74.6003
30866.666	74.4072
30900	73.2798
30933.334	72.7575
30966.666	75.0143
31000	75.6923
31033.334	75.6509
31066.666	75.9465
31100	76.5063
31133.334	78.8124
31166.666	82.9554
31200	83.2097
31233.334	83.2412
31266.666	82.985
31300	83.1683
31333.334	82.9515
31366.666	83.0382
31400	82.9239
31433.334	82.9515
31466.666	89.9544
31500	90.1042
31533.334	89.509
31566.666	89.7159
31600	88.4013
31633.334	84.0927
31666.666	79.518
31700	114.2864
31733.334	266.7097
31766.666	344.5918
31800	407.1946
31833.334	487.7987
31866.666	553.4073
31900	578.0488
31933.334	589.4391
31966.666	591.3589
32000	591.3668
32033.334	559.1646
32066.666	418.3643
32100	338.2984
32133.334	294.7708
32166.666	263.0969
32200	228.8567
32233.334	195.4226
32266.666	159.9663
32300	129.4572
32333.334	121.313
32366.666	114.1622
32400	111.8759
32433.334	108.1389
32466.666	108.5252
32500	108.7164
32533.334	109.9956
32566.666	110.441
32600	112.0612
32633.334	112.2267
32666.666	112.4554
32700	112.5914
32733.334	116.2535
32766.666	124.648
32800	124.4233
32833.332	126.2839
32866.668	129.4119
32900	131.4459
32933.332	132.5063
32966.668	132.4098
33000	132.2225
33033.332	132.4472
33066.668	132.3388
33100	129.2029
33133.332	129.4257
33166.668	129.4907
33200	141.0644
33233.332	169.9159
33266.668	176.637
33300	176.9149
33333.332	172.0288
33366.668	166.579
33400	152.4706
33433.332	151.9128
33466.668	150.3794
33500	148.2822
33533.332	145.31
33566.668	140.9028
33600	135.7033
33633.332	132.9675
33666.668	127.9809
33700	124.6558
33733.332	117.3277
33766.668	116.7778
33800	116.7679
33833.332	115.3567
33866.668	114.5348
33900	109.9207
33933.332	104.6699
33966.668	99.6872
34000	98.2583
34033.332	97.5921
34066.668	95.3333
34100	95.15
34133.332	95.2111
34166.668	94.7893
34200	94.9016
34233.332	94.8681
34266.668	94.3774
34300	94.2039
34333.332	94.1132
34366.668	99.7089
34400	99.9395
34433.332	100.0795
34466.668	100.1425
34500	99.8784
34533.332	99.5197
34566.668	97.0757
34600	95.2328
34633.332	91.7303
34666.668	91.0405
34700	96.0704
34733.332	122.9963
34766.668	130.8783
34800	131.4814
34833.332	131.2883
34866.668	117.6371
34900	103.9288
34933.332	100.5564
34966.668	97.529
35000	94.2768
35033.332	90.0412
35066.668	89.1818
35100	89.2685
35133.332	89.5799
35166.668	89.0833
35200	88.352
35233.332	87.4789
35266.668	86.9763
35300	85.9592
35333.332	82.5435
35366.668	79.8432
35400	79.2105
35433.332	77.5746
35466.668	77.8407
35500	78.1344
35533.332	77.3144
35566.668	77.4031
35600	77.4386
35633.332	77.2927
35666.668	77.1942
35700	77.1075
35733.332	77.5411
35766.668	77.409
35800	77.4977
35833.332	77.5371
35866.668	77.7066
35900	77.7658
35933.332	78.1895
35966.668	78.2763
36000	88.7502
36033.332	91.1686
36066.668	95.0396
36100	95.1579
36133.332	94.6612
36166.668	87.8277
36200	82.0941
36233.332	80.1665
36266.668	79.0292
36300	78.7059
36333.332	79.1199
36366.668	79.6323
36400	79.2046
36433.332	79.317
36466.668	79.2421
36500	79.5298
36533.332	79.4273
36566.668	79.4017
36600	79.3012
36633.332	78.6961
36666.668	77.685
36700	76.9853
36733.332	77.0976
36766.668	77.3696
36800	77.545
36833.332	76.932
36866.668	76.7566
36900	76.7941
36933.332	76.9104
36966.668	77.0897
37000	77.5766
37033.332	80.4976
37066.668	80.1822
37100	80.3379
37133.332	80.1684
37166.668	80.5134
37200	80.4168
37233.332	80.5725
37266.668	80.3044
37300	80.4542
37333.332	80.267
37366.668	81.4003
37400	81.0337
37433.332	82.0271
37466.668	82.1315
37500	82.0921
37533.332	82.0645
37566.668	81.9384
37600	81.625
37633.332	78.2014
37666.668	80.1191
37700	79.9753
37733.332	78.7986
37766.668	78.0752
37800	77.0464
37833.332	77.0405
37866.668	77.001
37900	76.9813
37933.332	76.8907
37966.668	76.8256
38000	79.2342
38033.332	79.2302
38066.668	78.9779
38100	79.589
38133.332	79.6323
38166.668	79.108
38200	79.5673
38233.332	78.6488
38266.668	79.2263
38300	79.9161
38333.332	80.9726
38366.668	80.6454
38400	80.6296
38433.332	80.3005
38466.668	80.6257
38500	80.3143
38533.332	80.4069
38566.668	80.8622
38600	87.2285
38633.332	87.2187
38666.668	82.8312
38700	82.6874
38733.332	82.8214
38766.668	82.5021
38800	82.8707
38833.332	82.6085
38866.668	82.6006
38900	82.4627
38933.332	82.5888
38966.668	82.6144
39000	88.9946
39033.332	88.829
39066.668	89.2705
39100	89.0241
39133.332	85.4665
39166.668	82.2616
39200	82.238
39233.332	82.2202
39266.668	81.1263
39300	79.9437
39333.332	79.6382
39366.668	79.5791
39400	79.4687
39433.332	79.3248
39466.668	79.382
39500	79.8609
39533.332	79.9082
39566.668	79.8649
39600	80.4897
39633.332	85.7168
39666.668	85.9159
39700	85.5138
39733.332	85.8883
39766.668	85.6182
39800	85.6044
39833.332	85.4625
39866.668	85.6399
39900	85.3975
39933.332	85.5059
39966.668	92.6449
40000	92.8636
40033.332	92.4359
40066.668	93.5436
40100	93.4766
40133.332	93.3446
40166.668	93.2736
40200	93.2499
40233.332	92.0062
40266.668	87.0886
40300	86.8186
40333.332	86.9822
40366.668	92.4951
40400	92.6941
40433.332	92.7099
40466.668	92.9622
40500	93.0469
40533.332	153.6532
40566.668	295.2971
40600	428.2311
40633.332	517.9786
40666.668	580.2247
40700	605.7314
40733.332	612.2141
40766.668	611.9775
40800	611.404
40833.332	593.9823
40866.668	519.2184
40900	439.6274
40933.332	376.3387
40966.668	304.1685
41000	265.4384
41033.332	227.4691
41066.668	192.4661
41100	163.3623
41133.332	144.4742
41166.668	135.5003
41200	127.4231
41233.332	122.2985
41266.668	113.8449
41300	113.5966
41333.332	111.6059
41366.668	115.9342
41400	135.2677
41433.332	148.9031
41466.668	149.926
41500	151.4338
41533.332	151.4476
41566.668	151.1954
41600	145.2666
41633.332	144.693
41666.668	143.2877
41700	143.1438
41733.332	142.5643
41766.668	140.8102
41800	138.8254
41833.332	136.3616
41866.668	135.9753
41900	125.2471
41933.332	124.8431
41966.668	123.5718
42000	119.8446
42033.332	117.6549
42066.668	115.5676
42100	114.0282
42133.332	113.5315
42166.668	113.5512
42200	113.6202
42233.332	113.2792
42266.668	113.3187
42300	113.6242
42333.332	123.2564
42366.668	129.7785
42400	132.7015
42433.332	134.3059
42466.668	136.8248
42500	136.7144
42533.332	137.3964
42566.668	137.4358
42600	137.3491
42633.332	137.5679
42666.668	136.8228
42700	131.2035
42733.332	114.0676
42766.668	110.1729
42800	105.1568
42833.332	102.5294
42866.668	94.9963
42900	95.3195
42933.332	95.4102
42966.668	95.2426
43000	95.3983
43033.332	95.2269
43066.668	95.2643
43100	95.0968
43133.332	95.0396
43166.668	94.0896
43200	91.752
43233.332	91.2829
43266.668	91.3578
43300	91.2573
43333.332	91.6337
43366.668	95.2781
43400	96.51
43433.332	98.004
43466.668	98.8318
43500	99.1669
43533.332	98.7254
43566.668	98.5638
43600	98.6189
43633.332	98.4376
43666.668	97.1919
43700	97.324
43733.332	96.5455
43766.668	95.487
43800	93.8156
43833.332	88.7935
43866.668	102.8527
43900	103.0537
43933.332	112.8377
43966.668	112.8594
44000	112.6328
44033.332	111.4028
44066.668	104.4708
44100	99.1432
44133.332	94.8721
44166.668	91.9274
44200	89.8381
44233.332	89.4597
44266.668	84.2661
44300	84.2129
44333.332	84.4849
44366.668	84.5795
44400	84.4672
44433.332	84.4494
44466.668	84.4277
44500	84.1262
44533.332	83.1525
44566.668	88.5866
44600	88.2219
44633.332	88.1175
44666.668	88.0485
44700	87.6641
44733.332	88.965
44766.668	90.9123
44800	91.3322
44833.332	91.6396
44866.668	91.5904
44900	88.6634
44933.332	88.2397
44966.668	87.4138
45000	87.2345
45033.332	87.2916
45066.668	87.7075
45100	85.1925
45133.332	85.2812
45166.668	88.2811
45200	97.6295
45233.332	97.6729
45266.668	96.8983
45300	93.5357
45333.332	92.5108
45366.668	91.4839
45400	91.89
45433.332	91.7382
45466.668	91.8249
45500	91.7382
45533.332	89.1522
45566.668	89.2705
45600	88.9867
45633.332	88.2732
45666.668	88.151
45700	87.4631
45733.332	87.7607
45766.668	88.3205
45800	87.9204
45833.332	90.7941
45866.668	90.5536
45900	89.0852
45933.332	88.08
45966.668	86.1524
46000	84.9717
46033.332	84.3272
46066.668	84.4435
46100	84.5046
46133.332	84.9619
46166.668	85.1708
46200	84.7549
46233.332	84.6899
46266.668	84.8574
46300	84.7924
46333.332	85.0664
46366.668	84.8042
46400	84.2504
46433.332	84.1774
46466.668	84.613
46500	88.4998
46533.332	88.4131
46566.668	88.3303
46600	88.3343
46633.332	88.287
46666.668	87.9756
46700	87.1694
46733.332	86.6175
46766.668	87.2384
46800	87.4296
46833.332	87.7055
46866.668	100.858
46900	103.103
46933.332	103.986
46966.668	103.846
47000	99.9435
47033.332	96.1749
47066.668	94.0699
47100	92.3512
47133.332	89.1877
47166.668	89.1976
47200	88.5826
47233.332	88.6634
47266.668	87.9618
47300	87.9322
47333.332	87.6188
47366.668	87.6089
47400	87.6779
47433.332	87.5656
47466.668	85.9218
47500	85.908
47533.332	85.6616
47566.668	85.8823
47600	86.9881
47633.332	87.4848
47666.668	87.4099
47700	86.9881
47733.332	86.8343
47766.668	86.2628
47800	86.245
47833.332	86.2825
47866.668	86.3455
47900	86.0893
47933.332	86.2509
47966.668	86.1307
48000	86.4145
48033.332	86.2411
48066.668	86.1287
48100	86.1169
48133.332	85.9908
48166.668	85.9908
48200	85.977
48233.332	86.1287
48266.668	86.109
48300	86.4204
48333.332	86.5269
48366.668	87.5538
48400	88.1431
48433.332	91.8072
48466.668	91.8269
48500	92.3512
48533.332	90.6246
48566.668	90.2737
48600	90.4492
48633.332	90.0293
48666.668	90.0766
48700	90.0195
48733.332	89.1877
48766.668	89.0892
48800	89.1404
48833.332	88.9571
48866.668	88.8862
48900	88.9473
48933.332	88.423
48966.668	88.2811
49000	88.9827
49033.332	88.9985
49066.668	87.9302
49100	88.4683
49133.332	87.8356
49166.668	87.8139
49200	87.6681
49233.332	87.4828
49266.668	87.3645
49300	88.2081
49333.332	87.9302
49366.668	87.8593
49400	93.7841
49433.332	94.1684
49466.668	92.909
49500	89.8539
49533.332	87.4355
49566.668	87.7489
49600	182.2544
49633.332	313.1878
49666.668	387.9518
49700	456.6707
49733.332	536.6992
49766.668	590.8839
49800	614.8966
49833.332	623.9415
49866.668	627.1148
49900	627.8776
49933.332	598.2495
49966.668	526.718
50000	441.8744
50033.332	390.6264
50066.668	345.3171
50100	283.4395
50133.332	245.3047
50166.668	218.095
50200	188.2442
50233.332	167.7104
50266.668	146.396
50300	130.0229
50333.332	122.8524
50366.668	118.2324
50400	127.4251
50433.332	132.1003
50466.668	133.6239
50500	133.3854
50533.332	133.9846
50566.668	134.363
50600	134.2211
50633.332	133.7126
50666.668	136.2414
50700	138.784
50733.332	144.9828
50766.668	150.608
50800	152.6578
50833.332	153.4285
50866.668	153.2353
50900	150.9825
50933.332	148.503
50966.668	148.2191
51000	143.8829
51033.332	143.3389
51066.668	143.4099
51100	143.1694
51133.332	143.2877
51166.668	143.268
51200	143.2916
51233.332	142.724
51266.668	143.3055
51300	143.1931
51333.332	146.3664
51366.668	146.7843
51400	146.5201
51433.332	146.737
51466.668	146.3723
51500	145.9328
51533.332	144.8507
51566.668	143.2089
51600	141.9514
51633.332	136.3577
51666.668	136.4405
51700	136.5291
51733.332	136.5094
51766.668	136.6671
51800	136.3616
51833.332	135.2795
51866.668	134.976
51900	134.5246
51933.332	132.8355
51966.668	119.0838
52000	117.8658
52033.332	117.4282
52066.668	113.1235
52100	109.2801
52133.332	105.8624
52166.668	106.0516
52200	106.0476
52233.332	105.8959
52266.668	105.5372
52300	105.4603
52333.332	105.4544
52366.668	105.1686
52400	105.2612
52433.332	103.5878
52466.668	99.4822
52500	98.0237
52533.332	96.1493
52566.668	94.6986
52600	94.3852
52633.332	94.5311
52666.668	94.5508
52700	94.9982
52733.332	94.3833
52766.668	94.0167
52800	93.4865
52833.332	93.1199
52866.668	92.8873
52900	104.6837
52933.332	111.9153
52966.668	111.9567
53000	111.7793
53033.332	111.6473
53066.668	110.8825
53100	107.5436
53133.332	106.0969
53166.668	104.3782
53200	103.4124
53233.332	102.9847
53266.668	98.9284
53300	98.6899
53333.332	98.4692
53366.668	98.3785
53400	97.1742
53433.332	97.2235
53466.668	97.1584
53500	97.2728
53533.332	97.3003
53566.668	93.8728
53600	93.2007
53633.332	92.9228
53666.668	92.7631
53700	92.7493
53733.332	92.6212
53766.668	92.6054
53800	92.5936
53833.332	92.5029
53866.668	92.1482
53900	95.284
53933.332	95.2071
53966.668	94.809
54000	94.4897
54033.332	93.9832
54066.668	93.928
54100	93.8472
54133.332	93.7388
54166.668	93.6816
54200	93.6855
54233.332	94.4109
54266.668	95.2781
54300	95.1973
54333.332	95.0554
54366.668	94.9135
54400	94.9608
54433.332	94.8898
54466.668	94.4365
54500	94.4365
54533.332	120.3926
54566.668	141.3384
54600	143.4887
54633.332	144.0722
54666.668	134.7375
54700	117.7495
54733.332	115.2325
54766.668	107.6225
54800	105.2592
54833.332	103.8874
54866.668	96.7741
54900	96.8175
54933.332	96.6342
54966.668	96.9298
55000	96.6874
55033.332	96.5592
55066.668	96.3464
55100	95.7058
55133.332	94.9154
55166.668	95.3234
55200	94.1724
55233.332	94.129
55266.668	94.0107
55300	93.8964
55333.332	94.7775
55366.668	94.8189
55400	94.9076
55433.332	94.742
55466.668	94.6513
55500	96.2183
55533.332	96.1375
55566.668	95.8615
55600	95.3274
55633.332	95.7098
55666.668	95.5757
55700	95.696
55733.332	95.5462
55766.668	95.7906
55800	95.6447
55833.332	96.7958
55866.668	96.7031
55900	96.9554
55933.332	96.7958
55966.668	96.918
56000	96.9791
56033.332	96.7248
56066.668	97.3063
56100	97.2629
56133.332	100.6471
56166.668	100.2963
56200	100.2746
56233.332	99.8863
56266.668	99.9868
56300	96.102
56333.332	101.8179
56366.668	106.7631
56400	109.7374
56433.332	109.9719
56466.668	110.443
56500	106.4872
56533.332	104.4472
56566.668	101.6917
56600	98.3903
56633.332	95.0455
56666.668	94.6848
56700	95.8891
56733.332	96.0961
56766.668	96.7426
56800	99.9632
56833.332	100.2352
56866.668	100.0597
56900	99.9139
56933.332	99.9375
56966.668	100.0302
57000	99.841
57033.332	100.046
57066.668	99.9336
57100	103.4104
57133.332	103.2094
57166.668	103.0084
57200	103.9131
57233.332	104.0057
57266.668	103.8993
57300	103.8894
57333.332	103.8007
57366.668	104.2048
57400	104.1456
57433.332	107.516
57466.668	107.4589
57500	108.1172
57533.332	107.79
57566.668	107.995
57600	107.9378
57633.332	108.0541
57666.668	107.4687
57700	107.3958
57733.332	107.2913
57766.668	104.5359
57800	104.5024
57833.332	104.8769
57866.668	104.1003
57900	104.8296
57933.332	104.6975
57966.668	104.6679
58000	104.5595
58033.332	104.6758
58066.668	102.555
58100	113.0191
58133.332	118.122
58166.668	118.2107
58200	117.6844
58233.332	103.7534
58266.668	98.6623
58300	96.4627
58333.332	95.7058
58366.668	96.3661
58400	97.6965
58433.332	97.7103
58466.668	96.8726
58500	97.1348
58533.332	97.2235
58566.668	97.6985
58600	97.4107
58633.332	97.3752
58666.668	97.9528
58700	98.2977
58733.332	102.5018
58766.668	103.4262
58800	104.3329
58833.332	104.3841
58866.668	104.0155
58900	103.984
58933.332	103.848
58966.668	103.9544
59000	103.8441
59033.332	105.754
59066.668	105.5746
59100	106.57
59133.332	106.16
59166.668	106.2999
59200	106.2329
59233.332	106.3807
59266.668	106.3236
59300	106.3236
59333.332	106.3019
59366.668	99.8272
59400	99.5355
59433.332	99.3975
59466.668	99.1767
59500	99.3857
59533.332	99.3837
59566.668	99.4014
59600	99.1886
59633.332	99.2359
59666.668	100.2805
59700	100.1484
59733.332	100.4027
59766.668	97.0757
59800	98.209
59833.332	99.3758
59866.668	100.176
59900	99.1078
59933.332	96.2084
59966.668	94.0029
60000	95.9049
60033.332	96.4489
60066.668	96.5356
60100	96.51
60133.332	99.7621
60166.668	100.2529
60200	100.4737
60233.332	100.655
60266.668	100.448
60300	100.4618
60333.332	100.7555
60366.668	100.8698
60400	100.5702
60433.332	101.0058
60466.668	100.8895
60500	100.6983
60533.332	99.8331
60566.668	100.0814
60600	99.2004
60633.332	99.2004
60666.668	100.6885
60700	100.8521
60733.332	100.7772
60766.668	101.9184
60800	102.1273
60833.332	101.9874
60866.668	102.0564
60900	102.0997
60933.332	102.2791
60966.668	108.9411
61000	108.671
61033.332	108.677
61066.668	108.269
61100	108.9095
61133.332	108.807
61166.668	108.9036
61200	108.4345
61233.332	108.2532
61266.668	108.0837
61300	108.0206
61333.332	108.0521
61366.668	108.3103
61400	108.2039
61433.332	108.2335
61466.668	107.9635
61500	108.1941
61533.332	108.3655
61566.668	108.6533
61600	108.606
61633.332	112.6663
61666.668	104.7626
61700	100.5742
61733.332	99.0388
61766.668	99.023
61800	97.6492
61833.332	97.326
61866.668	96.8313
61900	97.1072
61933.332	100.787
61966.668	100.5959
62000	100.2904
62033.332	100.7181
62066.668	101.1872
62100	101.2581
62133.332	101.1359
62166.668	101.0531
62200	100.8738
62233.332	101.6306
62266.668	107.0844
62300	107.177
62333.332	107.1494
62366.668	107.114
62400	106.9011
62433.332	106.9937
62466.668	107.2874
62500	107.3288
62533.332	107.3189
62566.668	107.4135
62600	110.8253
62633.332	110.3227
62666.668	110.9771
62700	111.0579
62733.332	110.8549
62766.668	110.8529
62800	110.7741
62833.332	110.7288
62866.668	110.7327
62900	112.006
62933.332	112.1262
62966.668	112.3706
63000	112.2977
63033.332	112.1932
63066.668	112.1479
63100	112.2602
63133.332	112.0217
63166.668	112.0671
63200	112.0651
63233.332	110.646
63266.668	110.2892
63300	109.8221
63333.332	108.47
63366.668	107.8196
63400	107.6185
63433.332	107.6934
63466.668	107.5929
63500	108.0423
63533.332	108.7203
63566.668	111.9626
63600	101.5991
63633.332	97.0461
63666.668	96.1
63700	95.8398
63733.332	95.6664
63766.668	94.4739
63800	97.0343
63833.332	99.839
63866.668	108.1941
63900	108.0423
63933.332	107.7723
63966.668	108.2256
64000	107.9536
64033.332	108.133
64066.668	108.2118
64100	108.3242
64133.332	108.9628
64166.668	108.9706
64200	110.5612
64233.332	110.9042
64266.668	110.7662
64300	110.8155
64333.332	110.7505
64366.668	110.8924
64400	110.9909
64433.332	111.4226
64466.668	111.6788
64500	111.7399
64533.332	112.8752
64566.668	112.7885
64600	113.3049
64633.332	113.3522
64666.668	113.1669
64700	113.3601
64733.332	113.2714
64766.668	113.3403
64800	113.2063
64833.332	122.405
64866.668	122.202
64900	122.2867
64933.332	122.0187
64966.668	122.3655
65000	121.1573
65033.332	121.1711
65066.668	120.8479
65100	120.9267
65133.332	120.7158
65166.668	115.9302
65200	115.8139
65233.332	116.1628
65266.668	116.0327
65300	116.1037
65333.332	115.7982
65366.668	116.2456
65400	115.0433
65433.332	105.5884
65466.668	103.1325
65500	103.1779
65533.332	103.03
65566.6641	102.3737
65600	101.4927
65633.3359	100.9092
65666.6641	100.6471
65700	100.3909
65733.3359	100.3751
65766.6641	100.0597
65800	101.2857
65833.3359	101.2896
65866.6641	100.9112
65900	101.1418
65933.3359	101.469
65966.6641	101.6366
66000	101.268
66033.3359	101.54
66066.6641	101.5203
66100	102.1608
66133.3359	111.3831
66166.6641	111.3733
66200	111.4699
66233.3359	112.6564
66266.6641	112.5165
66300	112.5046
66333.3359	112.5165
66366.6641	117.0301
