0	14.1853
33.3333	3.4374
66.6667	1.2516
100	30.8915
133.3333	17.0235
166.6667	1.4861
200	3.9045
233.3333	4.214
266.6667	8.6468
300	5.7317
333.3333	2.4716
366.6667	4.7107
400	0.3725
433.3333	36.6389
466.6667	6.9576
500	31.9381
533.3333	4.5648
566.6667	2.8461
600	0.4238
633.3333	0.4257
666.6667	0.138
700	1.4349
733.3333	0.1932
766.6667	34.0628
800	10.0048
833.3333	2.4145
866.6667	23.4904
900	4.5392
933.3333	5.844
966.6667	0.9618
1000	0.6504
1033.3334	4.9472
1066.6666	22.8754
1100	42.5263
1133.3334	3.1063
1166.6666	7.1961
1200	2.6254
1233.3334	0.5736
1266.6666	8.357
1300	7.4326
1333.3334	6.323
1366.6666	7.4287
1400	43.7108
1433.3334	0.7884
1466.6666	1.36
1500	6.5615
1533.3334	9.4411
1566.6666	1.5453
1600	1.4211
1633.3334	2.4421
1666.6666	3.7626
1700	2.444
1733.3334	46.1825
1766.6666	2.7062
1800	1.1727
1833.3334	0.678
1866.6666	0.8357
1900	1.6891
1933.3334	1.3521
1966.6666	2.2489
2000	1.1629
2033.3334	0.08081
2066.6667	43.6478
2100	5.0576
2133.3333	7.0049
2166.6667	0.5085
2200	0.7983
2233.3333	1.22
2266.6667	1.1215
2300	1.3068
2333.3333	1.2674
2366.6667	41.9133
2400	4.484
2433.3333	1.356
2466.6667	1.9907
2500	1.6438
2533.3333	0.5736
2566.6667	1.0367
2600	9.5475
2633.3333	65.656
2666.6667	35.9037
2700	48.1318
2733.3333	0.8712
2766.6667	6.0983
2800	20.9675
2833.3333	37.5298
2866.6667	13.1958
2900	15.0565
2933.3333	6.2757
2966.6667	8.3255
3000	8.8084
3033.3333	45.5636
3066.6667	0.9914
3100	6.6186
3133.3333	5.7553
3166.6667	0.8475
3200	5.7139
3233.3333	1.8803
3266.6667	1.9158
3300	2.4342
3333.3333	44.6806
3366.6667	0.4238
3400	1.2871
3433.3333	4.8782
3466.6667	5.0891
3500	2.8678
3533.3333	1.3048
3566.6667	2.4145
3600	13.0145
3633.3333	0.1695
3666.6667	44.4598
3700	0.5144
3733.3333	6.0115
3766.6667	4.1628
3800	1.7581
3833.3333	1.1314
3866.6667	2.3751
3900	1.5886
3933.3333	1.5394
3966.6667	43.9907
4000	3.4788
4033.3333	0.9067
4066.6667	1.8547
4100	23.3287
4133.3335	34.6029
4166.6665	19.6469
4200	7.6455
4233.3335	2.312
4266.6665	3.4453
4300	51.3426
4333.3335	3.7942
4366.6665	8.4418
4400	17.2226
4433.3335	4.2574
4466.6665	4.9058
4500	5.6351
4533.3335	16.2667
4566.6665	4.0011
4600	2.0538
4633.3335	44.1622
4666.6665	1.6596
4700	3.8178
4733.3335	0.7963
4766.6665	0.9697
4800	1.5334
4833.3335	1.6083
4866.6665	0.4514
4900	0.5361
4933.3335	0.5361
4966.6665	43.9493
5000	0.8751
5033.3335	3.6286
5066.6665	3.8356
5100	0.5125
5133.3335	0.4474
5166.6665	1.7956
5200	4.3007
5233.3335	0.7332
5266.6665	41.525
5300	0.9599
5333.3335	4.3086
5366.6665	0.8337
5400	1.088
5433.3335	1.5334
5466.6665	13.318
5500	0.408
5533.3335	0.4868
5566.6665	0
5600	56.2602
5633.3335	9.4036
5666.6665	18.7836
5700	5.235
5733.3335	7.7362
5766.6665	5.0832
5800	3.7508
5833.3335	6.0628
5866.6665	2.178
5900	1.0545
5933.3335	42.615
5966.6665	4.5491
6000	5.0891
6033.3335	7.4918
6066.6665	5.9465
6100	9.5751
6133.3335	5.8578
6166.6665	4.1016
6200	0.007884
6233.3335	43.9691
6266.6665	3.875
6300	1.1392
6333.3335	0.6307
6366.6665	1.3639
6400	12.4409
6433.3335	0.5243
6466.6665	0.6563
6500	0.8002
6533.3335	0.5676
6566.6665	44.383
6600	1.5216
6633.3335	1.3225
6666.6665	4.0425
6700	3.4256
6733.3335	1.8389
6766.6665	0.6347
6800	1.1964
6833.3335	3.6247
6866.6665	2.4657
6900	44.4874
6933.3335	1.7325
6966.6665	3.4
7000	0.9796
7033.3335	50.6074
7066.6665	27.5014
7100	2.4559
7133.3335	5.2488
7166.6665	2.5288
7200	47.442
7233.3335	0.5736
7266.6665	6.4136
7300	10.4759
7333.3335	19.5819
7366.6665	7.1626
7400	7.068
7433.3335	5.5346
7466.6665	2.7042
7500	2.7673
7533.3335	48.5299
7566.6665	1.697
7600	4.5057
7633.3335	4.5983
7666.6665	1.1846
7700	0.6248
7733.3335	1.9513
7766.6665	1.5058
7800	0.4356
7833.3335	0.5046
7866.6665	42.7194
7900	5.4518
7933.3335	1.3127
7966.6665	1.7029
8000	2.1701
8033.3335	0.7352
8066.6665	0.615
8100	1.2595
8133.3335	1.9789
8166.6665	45.0452
8200	2.0656
8233.333	3.7863
8266.667	14.203
8300	1.3659
8333.333	0.8574
8366.667	0.814
8400	0.5144
8433.333	1.1688
8466.667	0.1478
8500	40.7445
8533.333	0.8456
8566.667	2.4539
8600	46.1588
8633.333	12.6203
8666.667	4.8506
8700	1.9848
8733.333	10.8444
8766.667	8.5009
8800	48.6383
8833.333	1.5472
8866.667	1.2476
8900	3.7922
8933.333	6.7211
8966.667	1.3324
9000	4.0307
9033.333	5.1798
9066.667	2.2095
9100	3.5103
9133.333	46.8231
9166.667	0.613
9200	14.3528
9233.333	0.6386
9266.667	0.7805
9300	0.5834
9333.333	0.4395
9366.667	0.7667
9400	0
9433.333	44.5525
9466.667	3.7153
9500	1.0289
9533.333	1.5867
9566.667	0.8968
9600	0.7904
9633.333	0.8751
9666.667	0.2503
9700	1.6103
9733.333	43.5768
9766.667	1.5078
9800	3.9479
9833.333	3.264
9866.667	1.3009
9900	1.8212
9933.333	1.6616
9966.667	0.3331
10000	4.5313
10033.333	25.9246
10066.667	53.6171
10100	15.2398
10133.333	2.1346
10166.667	2.0084
10200	8.7276
10233.333	7.139
10266.667	5.6272
10300	3.3251
10333.333	3.1043
10366.667	3.9381
10400	46.6536
10433.333	0.5775
10466.667	0.8219
10500	6.7467
10533.333	3.8159
10566.667	1.224
10600	0.5854
10633.333	1.3955
10666.667	1.833
10700	1.9513
10733.333	42.8889
10766.667	3.7863
10800	1.291
10833.333	1.6438
10866.667	1.5019
10900	9.1435
10933.333	6.4274
10966.667	0.9973
11000	5.3887
11033.333	47.5484
11066.667	1.6694
11100	0.4612
11133.333	0.2503
11166.667	0.4494
11200	1.4309
11233.333	0.5302
11266.667	0.05716
11300	0.2582
11333.333	0.6406
11366.667	43.1728
11400	1.4388
11433.333	3.6523
11466.667	3.8947
11500	2.5741
11533.333	12.3739
11566.667	12.0921
11600	9.041
11633.333	1.5098
11666.667	43.5689
11700	3.3546
11733.333	0.7076
11766.667	0.8653
11800	2.6628
11833.333	1.9631
11866.667	1.8449
11900	13.8778
11933.333	1.7463
11966.667	3.0058
12000	45.6681
12033.333	0.3528
12066.667	2.925
12100	1.8685
12133.333	1.1176
12166.667	26.4232
12200	69.6157
12233.333	13.0658
12266.667	5.0142
12300	4.9098
12333.333	53.623
12366.667	1.902
12400	3.3054
12433.333	6.0451
12466.667	10.0225
12500	7.2139
12533.333	6.6699
12566.667	4.1411
12600	13.7182
12633.333	46.961
12666.667	0.4376
12700	2.5071
12733.333	14.0907
12766.667	35.2513
12800	13.0677
12833.333	3.3369
12866.667	2.0912
12900	4.5392
12933.333	6.2165
12966.667	44.4579
13000	4.1864
13033.333	7.003
13066.667	15.6655
13100	11.0593
13133.333	7.342
13166.667	5.9682
13200	66.2709
13233.333	150.2946
13266.667	77.6455
13300	102.6457
13333.333	113.8232
13366.667	79.4549
13400	27.5546
13433.333	13.0993
13466.667	10.2315
13500	66.3222
13533.333	76.8926
13566.667	88.4644
13600	102.2909
13633.333	53.4042
13666.667	58.2647
13700	58.4579
13733.333	44.584
13766.667	39.2998
13800	32.0268
13833.333	68.78
13866.667	14.7667
13900	15.7798
13933.333	63.5509
13966.667	4.4426
14000	10.9686
14033.333	10.535
14066.667	8.832
14100	6.3742
14133.333	7.1744
14166.667	9.3228
14200	5.1325
14233.333	3.7193
14266.667	48.2441
14300	0.6761
14333.333	0.4691
14366.667	57.5867
14400	18.4466
14433.333	7.5765
14466.667	3.6463
14500	3.7291
14533.333	9.6283
14566.667	42.1124
14600	0.678
14633.333	16.241
14666.667	9.175
14700	5.9761
14733.333	2.1129
14766.667	10.6079
14800	5.097
14833.333	14.8751
14866.667	9.037
14900	43.973
14933.333	3.3527
14966.667	1.3245
15000	1.971
15033.333	3.8986
15066.667	2.9545
15100	1.9986
15133.333	1.9257
15166.667	2.7949
15200	43.494
15233.333	0.9737
15266.667	3.2206
15300	4.3066
15333.333	0.7174
15366.667	0.8002
15400	1.5374
15433.333	1.7325
15466.667	2.6668
15500	1.9473
15533.333	43.8804
15566.667	15.4861
15600	46.5156
15633.333	22.3038
15666.667	2.3179
15700	6.6758
15733.333	9.0587
15766.667	27.6216
15800	21.5273
15833.333	10.9292
15866.667	47.7199
15900	0.3331
15933.333	1.3363
15966.667	3.4709
16000	13.5132
16033.333	11.6328
16066.667	6.4471
16100	2.7929
16133.333	0.8968
16166.667	10.1487
16200	46.4328
16233.333	0.9323
16266.667	5.1345
16300	5.6982
16333.333	6.2757
16366.667	5.2054
16400	2.3376
16433.334	3.8651
16466.666	5.0103
16500	48.1653
16533.334	1.084
16566.666	0.4711
16600	0.8377
16633.334	2.2647
16666.666	50.9937
16700	8.6074
16733.334	4.3855
16766.666	5.4262
16800	6.8946
16833.334	45.2837
16866.666	5.4538
16900	2.4637
16933.334	1.7502
16966.666	1.2516
17000	0.7983
17033.334	1.7325
17066.666	3.5537
17100	0.745
17133.334	3.4532
17166.666	43.0072
17200	1.084
17233.334	9.3051
17266.666	8.493
17300	10.2571
17333.334	10.328
17366.666	7.9865
17400	16.0873
17433.334	5.5089
17466.666	5.2685
17500	43.7621
17533.334	1.1116
17566.666	4.8112
17600	1.0998
17633.334	0.8396
17666.666	1.5078
17700	0.9421
17733.334	0.5519
17766.666	0.1183
17800	0.1439
17833.334	42.5618
17866.666	0.5263
17900	1.2378
17933.334	28.5815
17966.666	9.993
18000	0.7785
18033.334	3.3034
18066.666	4.963
18100	10.6197
18133.334	46.8112
18166.666	1.0348
18200	4.3244
18233.334	2.8501
18266.666	2.3672
18300	2.1149
18333.334	13.2924
18366.666	1.8094
18400	1.0308
18433.334	0.9126
18466.666	46.4762
18500	3.6877
18533.334	1.0269
18566.666	1.0348
18600	0.6189
18633.334	0.3666
18666.666	0.6623
18700	0.2286
18733.334	0.2681
18766.666	0.5026
18800	46.1371
18833.334	1.9217
18866.666	3.6266
18900	4.1095
18933.334	1.1038
18966.666	2.4302
19000	44.8067
19033.334	1.9513
19066.666	64.1935
19100	38.602
19133.334	50.5404
19166.666	5.2488
19200	38.2394
19233.334	24.8287
19266.666	14.9244
19300	16.6609
19333.334	5.5227
19366.666	6.5043
19400	5.9623
19433.334	4.7146
19466.666	48.3565
19500	4.4919
19533.334	0.6977
19566.666	0.6721
19600	1.22
19633.334	0.8751
19666.666	1.4566
19700	0.2878
19733.334	1.2299
19766.666	44.9644
19800	0.2444
19833.334	0.544
19866.666	3.7134
19900	4.2061
19933.334	0.8732
19966.666	0.479
20000	0.7687
20033.334	1.22
20066.666	0.7904
20100	46.7344
20133.334	0.8751
20166.666	0.4533
20200	0.5203
20233.334	0.6347
20266.666	1.1274
20300	1.2949
20333.334	0.8988
20366.666	0.04139
20400	0.0473
20433.334	43.0565
20466.666	49.3321
20500	9.7959
20533.334	5.0871
20566.666	1.9809
20600	2.4637
20633.334	5.3178
20666.666	5.7336
20700	3.9085
20733.334	45.2128
20766.666	4.8171
20800	2.6352
20833.334	1.1235
20866.666	2.1642
20900	2.7771
20933.334	1.2003
20966.666	13.8344
21000	2.1188
21033.334	2.2647
21066.666	43.9296
21100	0.406
21133.334	3.8198
21166.666	2.3317
21200	1.4664
21233.334	2.2095
21266.666	2.0479
21300	0.203
21333.334	2.6076
21366.666	46.6417
21400	0.9658
21433.334	1.224
21466.666	3.873
21500	5.1345
21533.334	1.2417
21566.666	0.5302
21600	1.628
21633.334	1.356
21666.666	0.749
21700	42.9047
21733.334	1.019
21766.666	6.4057
21800	0.5006
21833.334	0.4474
21866.666	13.3673
21900	20.0865
21933.334	7.7618
21966.666	2.8047
22000	1.4743
22033.334	43.63
22066.666	4.149
22100	3.532
22133.334	1.2476
22166.666	2.6392
22200	2.176
22233.334	1.4822
22266.666	61.9919
22300	174.3191
22333.334	172.0958
22366.666	102.5235
22400	82.7169
22433.334	40.236
22466.666	12.983
22500	7.0995
22533.334	5.9012
22566.666	70.8456
22600	93.175
22633.334	60.7186
22666.666	100.6747
22700	63.8525
22733.334	58.5071
22766.666	49.8485
22800	50.294
22833.334	60.8447
22866.666	28.2898
22900	33.8223
22933.334	44.0242
22966.666	16.8796
23000	54.3759
23033.334	0.4001
23066.666	3.0649
23100	17.0353
23133.334	13.0283
23166.666	9.6224
23200	1.4566
23233.334	5.1739
23266.666	9.2519
23300	49.955
23333.334	0.3784
23366.666	3.741
23400	1.1944
23433.334	2.3258
23466.666	0.4711
23500	1.6261
23533.334	0.7746
23566.666	1.0604
23600	4.7284
23633.334	42.1104
23666.666	1.0387
23700	1.4605
23733.334	37.5791
23766.666	33.436
23800	7.7736
23833.334	6.0096
23866.666	1.1314
23900	1.6616
23933.334	1.4053
23966.666	44.3317
24000	34.6403
24033.334	7.9037
24066.666	7.4839
24100	11.9068
24133.334	4.8526
24166.666	5.2941
24200	3.7193
24233.334	0.7766
24266.666	44.0006
24300	3.877
24333.334	1.7601
24366.666	2.178
24400	1.1116
24433.334	5.9682
24466.666	0.7569
24500	1.8035
24533.334	1.293
24566.666	0.007884
24600	41.393
24633.334	1.0781
24666.666	3.3862
24700	14.3233
24733.334	4.76
24766.666	4.5471
24800	7.4977
24833.334	7.0128
24866.666	4.7442
24900	3.0215
24933.334	42.4494
24966.666	0.1872
25000	3.3704
25033.334	0.9303
25066.666	24.4424
25100	15.5059
25133.334	6.6482
25166.666	5.5937
25200	4.0346
25233.334	49.0917
25266.666	0.7805
25300	0.8318
25333.334	5.2074
25366.666	5.0596
25400	5.0103
25433.334	3.8198
25466.666	8.4733
25500	6.8315
25533.334	2.8619
25566.666	49.411
25600	1.289
25633.334	0.4632
25666.666	0.613
25700	3.7094
25733.334	2.8658
25766.666	1.8764
25800	1.1057
25833.334	1.1018
25866.666	0.6524
25900	45.5005
25933.334	2.0065
25966.666	3.5301
26000	4.7107
26033.334	2.2942
26066.666	3.7922
26100	4.2239
26133.334	3.7035
26166.666	4.4998
26200	43.7601
26233.334	3.8671
26266.666	1.7621
26300	4.7186
26333.334	3.7449
26366.666	4.4939
26400	2.4657
26433.334	0.2641
26466.666	31.0432
26500	36.0042
26533.334	45.7469
26566.666	1.3462
26600	2.245
26633.334	37.2992
26666.666	33.8086
26700	14.3134
26733.334	14.0611
26766.666	3.9341
26800	7.0444
26833.334	47.6883
26866.666	1.5689
26900	3.1694
26933.334	1.4093
26966.666	1.5886
27000	1.4309
27033.334	1.3225
27066.666	0.08869
27100	0.5065
27133.334	0.6859
27166.666	43.7582
27200	0.5696
27233.334	1.2476
27266.666	3.9972
27300	3.3172
27333.334	1.3639
27366.666	13.9034
27400	0.7036
27433.334	0.9126
27466.666	0.04533
27500	43.4349
27533.334	3.6385
27566.666	0.885
27600	1.4684
27633.334	1.1176
27666.666	1.2437
27700	2.0459
27733.334	0.3627
27766.666	3.6345
27800	1.5118
27833.334	47.0951
27866.666	25.8181
27900	8.8202
27933.334	3.2975
27966.666	2.2962
28000	13.4974
28033.334	16.6983
28066.666	4.8171
28100	6.4649
28133.334	44.653
28166.666	2.9545
28200	1.9966
28233.334	13.184
28266.666	0.5736
28300	0.4454
28333.334	0.2188
28366.666	0.5184
28400	1.6359
28433.334	1.7424
28466.666	46.0386
28500	1.0978
28533.334	4.281
28566.666	1.2378
28600	0.8396
28633.334	1.699
28666.666	0.7273
28700	0.2168
28733.334	0.1399
28766.666	44.3317
28800	0.3863
28833.334	1.362
28866.666	3.6444
28900	4.8743
28933.334	1.1097
28966.666	0.8988
29000	1.768
29033.334	1.3403
29066.666	1.2417
29100	46.8073
29133.334	1.2674
29166.666	0.9027
29200	0.3449
29233.334	4.6831
29266.666	26.1098
29300	22.5679
29333.334	4.6496
29366.666	3.0097
29400	49.6278
29433.334	1.226
29466.666	19.572
29500	12.1709
29533.334	47.0576
29566.666	0.8929
29600	5.9189
29633.334	0.9894
29666.666	1.3738
29700	0.8022
29733.334	1.1905
29766.666	1.1787
29800	0.2897
29833.334	44.038
29866.666	4.8211
29900	0.9796
29933.334	1.088
29966.666	2.3317
30000	15.8646
30033.334	2.3415
30066.666	2.6648
30100	0.8002
30133.334	0.4553
30166.666	45.059
30200	1.1846
30233.334	3.2344
30266.666	4.1529
30300	0.6228
30333.334	0.6583
30366.666	1.4349
30400	1.4566
30433.334	0.9244
30466.666	42.9757
30500	0.4415
30533.334	3.5813
30566.666	1.8744
30600	1.1116
30633.334	0.5874
30666.666	0.4435
30700	32.2869
30733.334	14.3607
30766.666	5.0793
30800	47.4459
30833.334	1.2851
30866.666	8.8301
30900	7.8387
30933.334	22.3492
30966.666	2.5978
31000	2.0676
31033.334	1.4664
31066.666	3.6582
31100	5.235
31133.334	46.6733
31166.666	4.3697
31200	1.4349
31233.334	2.0065
31266.666	0.542
31300	1.1235
31333.334	2.1129
31366.666	0.5282
31400	0.2405
31433.334	43.3718
31466.666	3.2758
31500	1.2457
31533.334	1.2043
31566.666	2.8678
31600	8.5344
31633.334	8.7887
31666.666	50.087
31700	177.0292
31733.334	98.4672
31766.666	95.5738
31800	96.0488
31833.334	81.554
31866.666	43.0742
31900	18.9275
31933.334	6.8748
31966.666	3.9302
32000	47.5444
32033.334	163.7033
32066.666	109.9266
32100	58.6569
32133.334	45.7627
32166.666	49.5115
32200	47.6016
32233.334	51.9339
32266.666	54.9416
32300	25.9147
32333.334	21.5982
32366.666	18.1293
32400	52.2197
32433.334	3.6188
32466.666	11.5678
32500	11.556
32533.334	13.8561
32566.666	6.4491
32600	3.7488
32633.334	5.641
32666.666	6.9754
32700	13.5841
32733.334	48.6068
32766.666	2.4007
32800	15.7995
32833.332	5.9662
32866.668	4.6516
32900	3.3546
32933.332	1.2319
32966.668	1.0387
33000	1.7148
33033.332	1.4447
33066.668	41.7674
33100	4.0859
33133.332	1.3462
33166.668	20.1003
33200	43.0348
33233.332	12.8982
33266.668	1.7365
33300	9.0765
33333.332	9.9752
33366.668	50.0831
33400	2.3041
33433.332	5.4005
33466.668	5.8815
33500	5.779
33533.332	9.583
33566.668	8.633
33600	6.5674
33633.332	8.0693
33666.668	4.421
33700	44.0794
33733.332	14.0197
33766.668	0.7746
33800	3.2797
33833.332	2.3199
33866.668	7.0936
33900	10.943
33933.332	9.5436
33966.668	5.5562
34000	2.7515
34033.332	44.2411
34066.668	0.8416
34100	3.6838
34133.332	4.6043
34166.668	0.6524
34200	0.5972
34233.332	3.1595
34266.668	2.0262
34300	1.3994
34333.332	43.1432
34366.668	0.7628
34400	3.5301
34433.332	1.5453
34466.668	1.8212
34500	1.3206
34533.332	4.8526
34566.668	5.5089
34600	7.5824
34633.332	1.632
34666.668	51.7742
34700	43.1038
34733.332	13.3456
34766.668	4.4347
34800	5.779
34833.332	20.8689
34866.668	24.1467
34900	7.0463
34933.332	8.8695
34966.668	8.1718
35000	47.8697
35033.332	4.8526
35066.668	4.2101
35100	1.4507
35133.332	2.8816
35166.668	2.6076
35200	3.4118
35233.332	3.2502
35266.668	2.5189
35300	45.9814
35333.332	8.5975
35366.668	2.7732
35400	44.4145
35433.332	0.814
35466.668	6.4038
35500	1.8212
35533.332	13.046
35566.668	0.7096
35600	0.41
35633.332	0.477
35666.668	0.3311
35700	45.0649
35733.332	4.0938
35766.668	0.9638
35800	0.8357
35833.332	0.6386
35866.668	2.5189
35900	3.5931
35933.332	6.5989
35966.668	27.9015
36000	8.02
36033.332	45.0689
36066.668	4.013
36100	3.4217
36133.332	13.5309
36166.668	21.6672
36200	12.165
36233.332	3.9637
36266.668	3.2482
36300	1.9631
36333.332	1.1668
36366.668	45.9341
36400	0.5814
36433.332	4.1194
36466.668	14.0926
36500	0.9185
36533.332	0.2621
36566.668	1.0072
36600	2.9545
36633.332	2.7062
36666.668	43.6872
36700	1.1215
36733.332	4.5175
36766.668	1.3068
36800	1.5354
36833.332	1.5078
36866.668	0.9638
36900	0.7155
36933.332	1.3186
36966.668	1.291
37000	44.1386
37033.332	0.9894
37066.668	0.8929
37100	3.8986
37133.332	4.0819
37166.668	0.7115
37200	0.5854
37233.332	1.3758
37266.668	1.3955
37300	0.9205
37333.332	43.0959
37366.668	1.5334
37400	14.2661
37433.332	0.5696
37466.668	0.406
37500	0.3154
37533.332	0.41
37566.668	12.9672
37600	14.5952
37633.332	48.6817
37666.668	3.329
37700	4.279
37733.332	6.9833
37766.668	10.3951
37800	1.7838
37833.332	0.5006
37866.668	3.532
37900	2.1011
37933.332	0.7036
37966.668	44.3672
38000	1.5729
38033.332	3.1733
38066.668	3.9065
38100	0.9185
38133.332	3.3034
38166.668	1.9454
38200	3.6069
38233.332	2.9033
38266.668	16.2371
38300	47.4104
38333.332	0.6741
38366.668	1.7266
38400	3.1083
38433.332	3.5695
38466.668	1.5137
38500	1.1294
38533.332	6.8886
38566.668	45.4788
38600	2.5209
38633.332	45.6365
38666.668	0.4198
38700	0.8199
38733.332	6.1968
38766.668	3.2108
38800	1.3265
38833.332	1.0998
38866.668	1.5295
38900	0.95
38933.332	0.8456
38966.668	42.4258
39000	0.7569
39033.332	3.7567
39066.668	1.9296
39100	20.2205
39133.332	11.3451
39166.668	15.291
39200	2.5879
39233.332	2.2134
39266.668	45.0255
39300	5.2054
39333.332	0.7174
39366.668	1.6083
39400	1.6694
39433.332	1.8389
39466.668	2.9742
39500	0.3981
39533.332	1.3166
39566.668	2.0597
39600	44.4303
39633.332	1.2358
39666.668	2.6096
39700	3.5833
39733.332	0.9993
39766.668	1.291
39800	1.8015
39833.332	1.3442
39866.668	1.5827
39900	0.2819
39933.332	44.6392
39966.668	2.718
40000	1.1333
40033.332	14.1005
40066.668	1.4546
40100	0.6761
40133.332	0.3232
40166.668	0.4809
40200	2.9861
40233.332	44.5071
40266.668	0.9165
40300	6.5299
40333.332	45.536
40366.668	1.6891
40400	0.8278
40433.332	0.7056
40466.668	0.6918
40500	78.1166
40533.332	165.0397
40566.668	158.6595
40600	106.8124
40633.332	75.9643
40666.668	36.6113
40700	12.7031
40733.332	6.3269
40766.668	6.3959
40800	27.9468
40833.332	95.9758
40866.668	99.1669
40900	94.1743
40933.332	91.5529
40966.668	54.4902
41000	50.2132
41033.332	48.6975
41066.668	42.9836
41100	33.0399
41133.332	21.7106
41166.668	19.7534
41200	9.6894
41233.332	56.14
41266.668	3.4138
41300	10.8602
41333.332	35.6396
41366.668	51.3071
41400	34.1732
41433.332	7.3341
41466.668	6.3289
41500	4.4367
41533.332	1.7739
41566.668	50.7887
41600	1.4171
41633.332	5.6903
41666.668	4.7008
41700	2.4637
41733.332	4.1588
41766.668	4.8585
41800	18.6338
41833.332	1.6911
41866.668	46.3283
41900	1.291
41933.332	4.8033
41966.668	9.4904
42000	4.2554
42033.332	5.6075
42066.668	3.9479
42100	2.0577
42133.332	0.5125
42166.668	0.7036
42200	45.2246
42233.332	0.678
42266.668	2.5564
42300	16.988
42333.332	14.2286
42366.668	5.8598
42400	3.6779
42433.332	7.9904
42466.668	0.5046
42500	41.935
42533.332	0.7923
42566.668	4.3165
42600	1.9966
42633.332	1.7345
42666.668	10.5902
42700	33.2823
42733.332	7.9904
42766.668	10.0501
42800	5.1029
42833.332	45.9282
42866.668	4.5845
42900	0.8396
42933.332	1.2082
42966.668	0.5499
43000	0.8219
43033.332	0.4474
43066.668	0.9323
43100	0.5381
43133.332	2.1247
43166.668	47.4498
43200	2.0144
43233.332	3.2403
43266.668	3.0452
43300	1.7286
43333.332	8.8675
43366.668	5.5011
43400	5.6489
43433.332	1.8212
43466.668	0.95
43500	44.9151
43533.332	4.8605
43566.668	1.2023
43600	2.925
43633.332	15.0663
43666.668	1.906
43700	3.8375
43733.332	1.9178
43766.668	3.3152
43800	44.6944
43833.332	40.5691
43866.668	3.6542
43900	44.1031
43933.332	0.3055
43966.668	0.8416
44000	9.5475
44033.332	13.2077
44066.668	12.7149
44100	14.3745
44133.332	7.7657
44166.668	7.0207
44200	10.2216
44233.332	43.4546
44266.668	0.5814
44300	4.8723
44333.332	0.4612
44366.668	2.2134
44400	1.7365
44433.332	1.0663
44466.668	1.5985
44500	3.1891
44533.332	49.1942
44566.668	1.3107
44600	0.8929
44633.332	0.5578
44666.668	2.0597
44700	17.0807
44733.332	13.1978
44766.668	4.3303
44800	2.72
44833.332	0.4119
44866.668	45.1773
44900	1.4369
44933.332	5.1739
44966.668	6.12
45000	2.517
45033.332	6.2422
45066.668	41.7261
45100	4.756
45133.332	9.717
45166.668	48.0865
45200	0.343
45233.332	1.8665
45266.668	12.571
45300	4.1667
45333.332	3.8375
45366.668	14.2148
45400	0.9086
45433.332	1.0565
45466.668	0.3627
45500	46.5787
45533.332	3.2679
45566.668	2.2982
45600	2.3021
45633.332	0.7923
45666.668	1.563
45700	1.1294
45733.332	2.6293
45766.668	2.0439
45800	43.0387
45833.332	1.8251
45866.668	5.8204
45900	8.9286
45933.332	10.1033
45966.668	4.6378
46000	4.1135
46033.332	1.973
46066.668	1.1767
46100	1.9592
46133.332	43.4093
46166.668	4.5589
46200	0.9481
46233.332	13.0697
46266.668	0.5696
46300	2.9624
46333.332	3.9519
46366.668	1.4881
46400	0.9599
46433.332	1.3147
46466.668	43.8193
46500	0.5519
46533.332	4.2928
46566.668	1.2063
46600	0.6031
46633.332	2.3218
46666.668	2.517
46700	2.6569
46733.332	5.2961
46766.668	3.9282
46800	46.4762
46833.332	41.2471
46866.668	16.5189
46900	7.135
46933.332	2.178
46966.668	9.4884
47000	9.8195
47033.332	9.788
47066.668	7.0404
47100	51.5239
47133.332	0.5341
47166.668	1.8527
47200	2.58
47233.332	3.9459
47266.668	0.9165
47300	1.0269
47333.332	0.1518
47366.668	1.0427
47400	0.274
47433.332	45.7903
47466.668	0.9047
47500	2.9545
47533.332	4.7343
47566.668	4.1529
47600	3.1181
47633.332	1.9237
47666.668	2.1444
47700	0.8357
47733.332	45.2778
47766.668	4.2593
47800	0.613
47833.332	1.0289
47866.668	1.6556
47900	1.1471
47933.332	0.7667
47966.668	13.3831
48000	0.883
48033.332	0.7983
48066.668	42.7667
48100	0.4967
48133.332	3.6424
48166.668	1.1215
48200	0.8692
48233.332	1.1038
48266.668	7.8288
48300	3.4532
48333.332	3.8848
48366.668	4.8309
48400	48.1811
48433.332	0.7214
48466.668	6.4885
48500	9.3977
48533.332	14.5972
48566.668	9.0725
48600	4.8822
48633.332	1.9158
48666.668	1.0151
48700	43.7483
48733.332	0.615
48766.668	3.4256
48800	1.5985
48833.332	13.5565
48866.668	1.1806
48900	2.787
48933.332	3.4847
48966.668	4.8565
49000	0.5282
49033.332	45.4749
49066.668	2.0479
49100	3.7981
49133.332	4.7324
49166.668	0.745
49200	1.4034
49233.332	1.1865
49266.668	3.6937
49300	2.1385
49333.332	2.9841
49366.668	46.1647
49400	3.191
49433.332	4.7836
49466.668	9.9102
49500	7.0384
49533.332	2.6471
49566.668	129.5144
49600	152.3622
49633.332	92.8419
49666.668	101.603
49700	95.8793
49733.332	70.3469
49766.668	41.1486
49800	15.8646
49833.332	8.7197
49866.668	2.5722
49900	42.4396
49933.332	91.5726
49966.668	104.1476
50000	82.3621
50033.332	58.6727
50066.668	80.5942
50100	52.5863
50133.332	40.0211
50166.668	43.975
50200	34.2087
50233.332	36.1402
50266.668	32.4959
50300	24.5271
50333.332	51.7979
50366.668	42.6524
50400	25.761
50433.332	9.6638
50466.668	9.4785
50500	4.0287
50533.332	3.8356
50566.668	3.3704
50600	3.2876
50633.332	49.7934
50666.668	6.3387
50700	12.1157
50733.332	10.6237
50766.668	4.9787
50800	1.5275
50833.332	1.9986
50866.668	3.2186
50900	4.4308
50933.332	0.8278
50966.668	44.1031
51000	1.4034
51033.332	3.6582
51066.668	3.7607
51100	1.1471
51133.332	1.9592
51166.668	1.5453
51200	2.4007
51233.332	2.2331
51266.668	0.2109
51300	42.2149
51333.332	4.2968
51366.668	1.1116
51400	0.6347
51433.332	1.6418
51466.668	0.952
51500	2.2095
51533.332	3.5025
51566.668	14.6209
51600	43.6024
51633.332	0.682
51666.668	0.9126
51700	3.3822
51733.332	2.7673
51766.668	1.2752
51800	2.6944
51833.332	1.1235
51866.668	1.6142
51900	5.9386
51933.332	46.08
51966.668	2.0814
52000	4.7935
52033.332	8.3413
52066.668	7.7184
52100	7.3755
52133.332	2.6648
52166.668	1.8685
52200	1.4487
52233.332	43.4408
52266.668	0.8061
52300	0.5381
52333.332	4.2357
52366.668	4.3658
52400	3.6759
52433.332	10.7952
52466.668	8.4477
52500	20.114
52533.332	5.3808
52566.668	44.9683
52600	6.0313
52633.332	0.3745
52666.668	2.6944
52700	1.3521
52733.332	0.8791
52766.668	1.7089
52800	3.737
52833.332	10.3635
52866.668	30.4933
52900	47.4833
52933.332	4.551
52966.668	1.1195
53000	0.5617
53033.332	4.0484
53066.668	9.11
53100	5.8539
53133.332	7.1705
53166.668	2.9565
53200	1.1452
53233.332	45.672
53266.668	1.1767
53300	4.3953
53333.332	5.6489
53366.668	3.7863
53400	1.5788
53433.332	13.8699
53466.668	0.5637
53500	3.4453
53533.332	45.1733
53566.668	1.6931
53600	3.4709
53633.332	1.0427
53666.668	1.2831
53700	0.6051
53733.332	0.2089
53766.668	0.1892
53800	0.4257
53833.332	0.7726
53866.668	43.4586
53900	0.3922
53933.332	1.8291
53966.668	4.0642
54000	4.3224
54033.332	7.3558
54066.668	5.6942
54100	5.371
54133.332	5.8795
54166.668	1.8173
54200	45.2305
54233.332	5.8854
54266.668	0.5972
54300	1.088
54333.332	1.5374
54366.668	14.5854
54400	2.105
54433.332	0.9145
54466.668	0.2956
54500	93.4746
54533.332	51.5673
54566.668	7.4681
54600	4.8447
54633.332	21.0148
54666.668	33.6154
54700	8.0752
54733.332	16.444
54766.668	7.409
54800	6.4925
54833.332	50.3847
54866.668	1.9276
54900	3.5419
54933.332	4.3283
54966.668	0.8298
55000	0.751
55033.332	3.1694
55066.668	4.0819
55100	5.1226
55133.332	3.8021
55166.668	47.4104
55200	4.5727
55233.332	2.0538
55266.668	1.9198
55300	15.3363
55333.332	4.1923
55366.668	0.6761
55400	0.5598
55433.332	0.3035
55466.668	44.0893
55500	0.2937
55533.332	2.1839
55566.668	2.852
55600	3.6739
55633.332	0.8002
55666.668	0.8416
55700	0.95
55733.332	0.9106
55766.668	0.5282
55800	43.5078
55833.332	0.3252
55866.668	3.3073
55900	1.7365
55933.332	1.2457
55966.668	0.4041
56000	1.8389
56033.332	1.6142
56066.668	0.205
56100	44.582
56133.332	0.8396
56166.668	1.5709
56200	3.3606
56233.332	14.6347
56266.668	17.6897
56300	44.2332
56333.332	21.8958
56366.668	9.2223
56400	2.5761
56433.332	45.9696
56466.668	11.3904
56500	5.6627
56533.332	9.7998
56566.668	14.4455
56600	6.7862
56633.332	6.392
56666.668	9.2065
56700	6.6403
56733.332	3.9932
56766.668	47.3355
56800	4.4623
56833.332	0.9599
56866.668	2.7397
56900	2.042
56933.332	2.4302
56966.668	2.4125
57000	2.1247
57033.332	1.5551
57066.668	46.3343
57100	1.6044
57133.332	3.9657
57166.668	14.339
57200	0.5736
57233.332	0.4573
57266.668	0.5578
57300	0.7628
57333.332	0.546
57366.668	0.3863
57400	43.5315
57433.332	0.3804
57466.668	3.6306
57500	0.9973
57533.332	0.9421
57566.668	0.7667
57600	0.9283
57633.332	1.4014
57666.668	0.3449
57700	0.609
57733.332	42.0848
57766.668	0.3686
57800	1.2181
57833.332	2.9092
57866.668	3.3665
57900	1.5709
57933.332	0.9244
57966.668	1.6497
58000	0.9678
58033.332	67.8063
58066.668	50.0141
58100	14.8672
58133.332	6.2106
58166.668	4.8861
58200	28.8673
58233.332	20.6975
58266.668	8.4832
58300	7.9786
58333.332	5.5444
58366.668	50.8222
58400	1.0584
58433.332	4.6535
58466.668	4.4328
58500	2.0558
58533.332	2.8639
58566.668	2.8737
58600	3.0826
58633.332	3.5301
58666.668	5.4104
58700	48.0037
58733.332	4.2081
58766.668	2.3179
58800	0.8791
58833.332	1.4329
58866.668	1.4231
58900	0.8732
58933.332	13.7418
58966.668	1.7463
59000	43.1669
59033.332	0.5933
59066.668	3.1871
59100	1.1944
59133.332	0.9599
59166.668	0.5598
59200	0.3055
59233.332	0.1281
59266.668	0.1301
59300	1.2398
59333.332	47.3848
59366.668	1.0092
59400	1.6517
59433.332	3.3546
59466.668	3.9854
59500	0.4514
59533.332	0.609
59566.668	1.7463
59600	4.5688
59633.332	43.157
59666.668	0.7076
59700	2.6234
59733.332	20.3525
59766.668	26.0231
59800	13.2451
59833.332	15.5315
59866.668	3.1575
59900	9.1908
59933.332	6.9951
59966.668	47.4282
60000	4.4269
60033.332	1.356
60066.668	5.7809
60100	9.4056
60133.332	1.9572
60166.668	1.7266
60200	1.0722
60233.332	0.7785
60266.668	0.1163
60300	45.2561
60333.332	0.7963
60366.668	4.1273
60400	4.0662
60433.332	0.9481
60466.668	2.7732
60500	1.7522
60533.332	0.678
60566.668	2.3435
60600	0
60633.332	42.3824
60666.668	4.2869
60700	0.8594
60733.332	5.5247
60766.668	15.0072
60800	1.0387
60833.332	3.5892
60866.668	0.3272
60900	0.814
60933.332	47.1305
60966.668	1.6103
61000	1.0229
61033.332	3.1989
61066.668	3.5222
61100	0.8672
61133.332	0.6366
61166.668	1.8527
61200	1.8409
61233.332	0.5676
61266.668	42.9362
61300	0.2602
61333.332	3.9716
61366.668	0.9224
61400	0.5854
61433.332	1.6813
61466.668	1.1412
61500	1.4881
61533.332	1.4112
61566.668	0.4376
61600	43.4802
61633.332	28.4612
61666.668	14.0355
61700	23.8589
61733.332	2.4046
61766.668	7.066
61800	6.2126
61833.332	3.128
61866.668	6.2284
61900	48.6029
61933.332	1.3107
61966.668	3.7153
62000	4.4525
62033.332	2.0695
62066.668	0.9658
62100	1.6951
62133.332	2.5308
62166.668	1.5118
62200	3.6503
62233.332	46.348
62266.668	4.5234
62300	0.5322
62333.332	0.7293
62366.668	1.2811
62400	1.9375
62433.332	1.1767
62466.668	1.2161
62500	0.3765
62533.332	1.2378
62566.668	43.7187
62600	4.622
62633.332	14.0966
62666.668	0.3765
62700	0.6879
62733.332	0.08869
62766.668	0.2483
62800	0.09658
62833.332	0.02365
62866.668	41.3279
62900	0.952
62933.332	3.9262
62966.668	0.6012
63000	1.2516
63033.332	1.0978
63066.668	0.9599
63100	1.0032
63133.332	1.2989
63166.668	0.2819
63200	42.6879
63233.332	1.0781
63266.668	2.58
63300	6.6502
63333.332	5.7711
63366.668	0.9973
63400	0.7647
63433.332	1.8547
63466.668	1.8409
63500	1.9789
63533.332	45.7883
63566.668	28.7451
63600	11.9127
63633.332	10.0876
63666.668	4.013
63700	1.0013
63733.332	4.5786
63766.668	12.2971
63800	7.0581
63833.332	49.4977
63866.668	1.7167
63900	3.8454
63933.332	4.9669
63966.668	1.0052
64000	1.3777
64033.332	3.6463
64066.668	1.3698
64100	3.0708
64133.332	1.0289
64166.668	45.8908
64200	4.0879
64233.332	0.8672
64266.668	0.8732
64300	1.634
64333.332	0.8515
64366.668	0.9027
64400	13.5743
64433.332	1.0013
64466.668	0.7194
64500	43.0151
64533.332	0.5125
64566.668	4.0879
64600	1.6517
64633.332	1.4861
64666.668	1.1116
64700	0.4119
64733.332	0.1715
64766.668	0.9421
64800	44.7397
64833.332	0.4947
64866.668	1.0269
64900	3.5241
64933.332	3.3901
64966.668	2.6668
65000	0.8574
65033.332	2.3889
65066.668	4.7265
65100	0.9165
65133.332	42.2661
65166.668	0.7825
65200	4.2239
65233.332	0.8436
65266.668	0.4454
65300	1.768
65333.332	13.6452
65366.668	4.4939
65400	33.4025
65433.332	52.1093
65466.668	3.6799
65500	1.4014
65533.332	3.7193
65566.6641	5.434
65600	3.331
65633.3359	1.7719
65666.6641	0.7135
65700	4.0051
65733.3359	3.1536
65766.6641	46.3461
65800	1.084
65833.3359	3.8829
65866.6641	3.6444
65900	2.2982
65933.3359	2.1109
65966.6641	2.5249
66000	2.0459
66033.3359	1.289
66066.6641	0.9954
66100	47.1404
66133.3359	3.2462
66166.6641	1.1609
66200	13.7182
66233.3359	1.9493
66266.6641	0.1143
66300	1.0998
66333.3359	43.295
