0	30.9013
33.3333	30.0004
66.6667	30.0204
100	29.8891
133.3333	30.019
166.6667	29.7848
200	30.0347
233.3333	29.9362
266.6667	29.9019
300	29.7035
333.3333	29.9205
366.6667	29.762
400	29.8719
433.3333	29.7534
466.6667	29.8277
500	29.6678
533.3333	29.7734
566.6667	29.5464
600	29.6521
633.3333	29.6007
666.6667	28.0359
700	27.9602
733.3333	28.0316
766.6667	28.0616
800	27.9431
833.3333	30.5529
866.6667	39.9187
900	41.8504
933.3333	42.076
966.6667	41.4207
1000	34.5905
1033.3334	34.1351
1066.6666	31.4867
1100	30.977
1133.3334	30.6957
1166.6666	30.8685
1200	30.6986
1233.3334	30.6914
1266.6666	30.4459
1300	30.4901
1333.3334	29.358
1366.6666	29.0738
1400	29.2494
1433.3334	29.3965
1466.6666	29.3851
1500	29.4408
1533.3334	31.3724
1566.6666	32.7445
1600	33.474
1633.3334	33.6339
1666.6666	31.0198
1700	31.0455
1733.3334	30.6986
1766.6666	30.6386
1800	31.3653
1833.3334	32.279
1866.6666	32.2276
1900	32.4018
1933.3334	32.4061
1966.6666	32.4161
2000	33.4755
2033.3334	33.3798
2066.6667	33.2213
2100	33.3627
2133.3333	33.277
2166.6667	33.3284
2200	33.1628
2233.3333	33.3912
2266.6667	32.1962
2300	31.7237
2333.3333	33.1585
2366.6667	33.3113
2400	34.659
2433.3333	34.5662
2466.6667	34.6176
2500	34.018
2533.3333	33.7167
2566.6667	32.1363
2600	32.1463
2633.3333	31.471
2666.6667	30.7999
2700	30.7757
2733.3333	30.5715
2766.6667	31.1297
2800	31.1597
2833.3333	31.1069
2866.6667	30.847
2900	30.7742
2933.3333	30.7714
2966.6667	31.0098
3000	29.8776
3033.3333	29.822
3066.6667	29.792
3100	29.929
3133.3333	30.0604
3166.6667	30.0818
3200	29.9947
3233.3333	29.989
3266.6667	29.9847
3300	29.8462
3333.3333	28.8997
3366.6667	28.8939
3400	28.8354
3433.3333	28.5399
3466.6667	29.1695
3500	29.1024
3533.3333	28.9539
3566.6667	28.981
3600	29.1181
3633.3333	26.8509
3666.6667	26.7138
3700	26.9237
3733.3333	26.8723
3766.6667	26.8238
3800	26.7567
3833.3333	26.3384
3866.6667	26.3526
3900	26.3869
3933.3333	26.3469
3966.6667	4.5972
4000	2.6355
4033.3333	2.2972
4066.6667	2.2586
4100	2.1173
4133.3335	0.7567
4166.6665	2.9411
4200	6.1349
4233.3335	7.5354
4266.6665	28.3586
4300	28.2986
4333.3335	27.9645
4366.6665	28.2586
4400	28.153
4433.3335	27.9859
4466.6665	27.926
4500	28.8311
4533.3335	28.9568
4566.6665	29.1024
4600	30.6743
4633.3335	30.867
4666.6665	29.6778
4700	31.4553
4733.3335	32.0792
4766.6665	32.4232
4800	32.3761
4833.3335	32.3704
4866.6665	32.3233
4900	31.6466
4933.3335	28.8468
4966.6665	28.794
5000	28.8097
5033.3335	28.627
5066.6665	28.7198
5100	28.6998
5133.3335	28.7398
5166.6665	29.0082
5200	29.0524
5233.3335	29.0481
5266.6665	28.9039
5300	28.864
5333.3335	28.8026
5366.6665	28.844
5400	28.6798
5433.3335	28.6441
5466.6665	28.8097
5500	28.8297
5533.3335	28.7426
5566.6665	28.824
5600	32.8344
5633.3335	32.803
5666.6665	32.8458
5700	32.6988
5733.3335	33.0372
5766.6665	32.6774
5800	32.4661
5833.3335	31.7051
5866.6665	31.2154
5900	30.6415
5933.3335	29.3894
5966.6665	29.1167
6000	29.3123
6033.3335	29.2252
6066.6665	29.2095
6100	29.3023
6133.3335	29.2423
6166.6665	29.2637
6200	29.3223
6233.3335	29.3237
6266.6665	29.2523
6300	29.1666
6333.3335	29.9433
6366.6665	29.9076
6400	29.6835
6433.3335	29.6592
6466.6665	30.6529
6500	30.75
6533.3335	30.7457
6566.6665	30.6829
6600	30.3474
6633.3335	30.0904
6666.6665	28.4057
6700	28.3414
6733.3335	28.2972
6766.6665	28.1958
6800	28.3157
6833.3335	28.3871
6866.6665	28.4385
6900	28.3814
6933.3335	28.1672
6966.6665	28.7555
7000	31.9121
7033.3335	31.7993
7066.6665	31.7579
7100	31.8664
7133.3335	31.8293
7166.6665	31.895
7200	31.7979
7233.3335	31.0155
7266.6665	30.6415
7300	31.1911
7333.3335	30.5929
7366.6665	30.5158
7400	30.5487
7433.3335	30.3402
7466.6665	30.6258
7500	30.1603
7533.3335	30.1603
7566.6665	29.7877
7600	30.0561
7633.3335	30.0575
7666.6665	29.0681
7700	28.8825
7733.3335	28.7697
7766.6665	28.864
7800	28.8897
7833.3335	28.7326
7866.6665	28.8511
7900	29.0596
7933.3335	29.0296
7966.6665	29.0296
8000	29.6435
8033.3335	29.8534
8066.6665	29.9276
8100	29.9347
8133.3335	29.939
8166.6665	29.8762
8200	29.8648
8233.333	29.8634
8266.667	29.8619
8300	29.9119
8333.333	29.8905
8366.667	30.0418
8400	29.8362
8433.333	29.9119
8466.667	29.9162
8500	30.0247
8533.333	29.9847
8566.667	30.0875
8600	29.9676
8633.333	29.812
8666.667	30.0233
8700	29.9604
8733.333	30.216
8766.667	30.2032
8800	30.1646
8833.333	30.0433
8866.667	30.1346
8900	30.1132
8933.333	30.1261
8966.667	30.1046
9000	30.1089
9033.333	30.0247
9066.667	30.0004
9100	29.8705
9133.333	30.0404
9166.667	30.1018
9200	30.0118
9233.333	29.9447
9266.667	30.6986
9300	30.9941
9333.333	32.112
9366.667	32.0992
9400	32.4532
9433.333	32.4361
9466.667	32.4447
9500	31.9378
9533.333	32.0192
9566.667	30.5358
9600	30.8299
9633.333	30.5715
9666.667	30.1161
9700	30.069
9733.333	30.1046
9766.667	30.049
9800	30.3859
9833.333	30.3916
9866.667	31.1826
9900	32.1577
9933.333	32.7916
9966.667	32.8059
10000	35.0802
10033.333	34.6148
10066.667	34.3792
10100	34.1679
10133.333	32.9729
10166.667	32.7045
10200	32.4033
10233.333	31.915
10266.667	31.5109
10300	31.3196
10333.333	29.9861
10366.667	29.9804
10400	30.0475
10433.333	30.1218
10466.667	30.4844
10500	30.6572
10533.333	33.0743
10566.667	33.5397
10600	33.1557
10633.333	32.9643
10666.667	31.0741
10700	31.0598
10733.333	31.1012
10766.667	30.9513
10800	31.1297
10833.333	31.1083
10866.667	31.1369
10900	30.9955
10933.333	31.0469
10966.667	31.0227
11000	30.8628
11033.333	30.8528
11066.667	30.8813
11100	30.8328
11133.333	30.8942
11166.667	30.5515
11200	30.65
11233.333	30.5101
11266.667	30.473
11300	30.4016
11333.333	31.4867
11366.667	31.3396
11400	31.4924
11433.333	32.0906
11466.667	31.9764
11500	32.0749
11533.333	32.0663
11566.667	32.0249
11600	32.0363
11633.333	29.8148
11666.667	29.8177
11700	29.6992
11733.333	29.7234
11766.667	29.7948
11800	29.7277
11833.333	29.6435
11866.667	29.7577
11900	29.7948
11933.333	29.7491
11966.667	34.3992
12000	34.6005
12033.333	34.5905
12066.667	44.7115
12100	60.5605
12133.333	62.8891
12166.667	68.2487
12200	72.7974
12233.333	76.9349
12266.667	79.7546
12300	86.9702
12333.333	86.9146
12366.667	88.3465
12400	89.4116
12433.333	93.0194
12466.667	96.3788
12500	97.4111
12533.333	99.367
12566.667	100.8989
12600	102.635
12633.333	109.6851
12666.667	109.6836
12700	110.0077
12733.333	110.5303
12766.667	110.4703
12800	110.5003
12833.333	110.4617
12866.667	110.6502
12900	110.5046
12933.333	110.6088
12966.667	109.9192
13000	109.9135
13033.333	109.5594
13066.667	109.5394
13100	68.4
13133.333	53.7303
13166.667	53.4191
13200	52.2455
13233.333	51.3247
13266.667	51.0063
13300	42.0803
13333.333	41.9846
13366.667	40.5026
13400	39.8787
13433.333	38.7437
13466.667	38.2097
13500	36.5679
13533.333	37.7486
13566.667	37.9756
13600	38.3654
13633.333	34.0408
13666.667	33.7824
13700	33.7382
13733.333	35.46
13766.667	40.4398
13800	42.687
13833.333	42.5457
13866.667	42.3158
13900	42.6428
13933.333	42.6085
13966.667	39.5389
14000	39.2762
14033.333	39.3148
14066.667	39.132
14100	39.3219
14133.333	39.1849
14166.667	39.3676
14200	39.2505
14233.333	39.3548
14266.667	39.3719
14300	38.7237
14333.333	39.0364
14366.667	41.058
14400	44.2504
14433.333	45.6681
14466.667	45.5996
14500	42.8312
14533.333	40.9467
14566.667	38.8151
14600	35.3486
14633.333	35.2544
14666.667	43.872
14700	48.5806
14733.333	49.4401
14766.667	49.7142
14800	49.51
14833.333	48.5321
14866.667	46.3405
14900	45.3883
14933.333	41.7476
14966.667	41.7804
15000	41.5706
15033.333	40.7511
15066.667	40.4584
15100	40.8396
15133.333	41.3093
15166.667	41.4007
15200	41.2907
15233.333	41.3907
15266.667	39.8388
15300	39.7474
15333.333	40.6683
15366.667	41.8932
15400	41.5748
15433.333	39.3148
15466.667	34.4891
15500	34.0251
15533.333	34.2578
15566.667	36.8548
15600	36.0982
15633.333	35.8783
15666.667	35.9111
15700	35.9226
15733.333	36.0924
15766.667	36.0468
15800	36.3708
15833.333	36.645
15866.667	37.226
15900	37.2375
15933.333	35.2544
15966.667	35.2487
16000	35.3186
16033.333	35.3201
16066.667	33.3912
16100	33.5311
16133.333	33.4683
16166.667	32.5988
16200	32.6945
16233.333	33.8624
16266.667	32.6031
16300	32.6431
16333.333	32.6031
16366.667	32.516
16400	32.5903
16433.334	32.5917
16466.666	32.6003
16500	32.5189
16533.334	34.3292
16566.666	37.7243
16600	38.0384
16633.334	38.0127
16666.666	35.5299
16700	32.9115
16733.334	32.5432
16766.666	32.7016
16800	32.646
16833.334	32.1491
16866.666	32.0349
16900	32.032
16933.334	31.2297
16966.666	31.2054
17000	31.688
17033.334	38.1655
17066.666	34.6833
17100	33.3798
17133.334	32.3618
17166.666	32.2291
17200	32.2177
17233.334	32.646
17266.666	32.7302
17300	32.4347
17333.334	32.7745
17366.666	32.7602
17400	32.6931
17433.334	33.1471
17466.666	33.3113
17500	33.0229
17533.334	33.2599
17566.666	33.7881
17600	33.9809
17633.334	33.8581
17666.666	33.2656
17700	34.9046
17733.334	35.2501
17766.666	35.2301
17800	35.3558
17833.334	34.9203
17866.666	34.9189
17900	31.9435
17933.334	31.7908
17966.666	31.6994
18000	31.8079
18033.334	31.9507
18066.666	31.9721
18100	33.7653
18133.334	34.2764
18166.666	34.7475
18200	34.8475
18233.334	32.3718
18266.666	41.4392
18300	45.1084
18333.334	44.9414
18366.666	43.2881
18400	36.7078
18433.334	36.9377
18466.666	37.7871
18500	38.8836
18533.334	38.4767
18566.666	34.8789
18600	34.7475
18633.334	34.2236
18666.666	34.542
18700	34.6776
18733.334	34.5891
18766.666	34.4506
18800	34.1922
18833.334	34.1079
18866.666	30.7171
18900	30.73
18933.334	30.7914
18966.666	30.8214
19000	30.71
19033.334	30.9741
19066.666	31.2597
19100	31.3724
19133.334	31.4153
19166.666	31.2782
19200	32.2091
19233.334	31.8236
19266.666	31.628
19300	31.6009
19333.334	31.6323
19366.666	31.6437
19400	31.6023
19433.334	31.6223
19466.666	31.7751
19500	31.6737
19533.334	30.4002
19566.666	30.4687
19600	31.2497
19633.334	34.6833
19666.666	32.4532
19700	32.4147
19733.334	32.4975
19766.666	32.5275
19800	32.4361
19833.334	32.4518
19866.666	32.4646
19900	32.4161
19933.334	32.2833
19966.666	32.2548
20000	30.8556
20033.334	30.8528
20066.666	30.8428
20100	31.007
20133.334	31.2839
20166.666	31.5224
20200	31.4895
20233.334	30.9256
20266.666	30.9356
20300	30.8342
20333.334	30.4073
20366.666	30.2988
20400	30.0461
20433.334	29.9376
20466.666	30.0247
20500	30.1646
20533.334	30.1246
20566.666	30.0775
20600	30.6343
20633.334	30.9256
20666.666	30.8842
20700	30.8756
20733.334	30.9413
20766.666	30.9884
20800	30.9684
20833.334	30.9413
20866.666	32.6288
20900	32.6974
20933.334	33.1185
20966.666	35.0488
21000	34.6319
21033.334	34.976
21066.666	34.7575
21100	35.0831
21133.334	35.0274
21166.666	35.0845
21200	34.8846
21233.334	35.0359
21266.666	34.9103
21300	36.8134
21333.334	36.8077
21366.666	37.1818
21400	37.3545
21433.334	37.3531
21466.666	37.2003
21500	37.2689
21533.334	37.2275
21566.666	38.3953
21600	38.4553
21633.334	44.1847
21666.666	43.4309
21700	43.034
21733.334	41.7319
21766.666	40.3356
21800	37.603
21833.334	37.1347
21866.666	36.2852
21900	36.6921
21933.334	37.573
21966.666	40.5169
22000	40.6169
22033.334	41.3236
22066.666	41.5292
22100	40.6226
22133.334	40.2899
22166.666	38.8179
22200	37.059
22233.334	36.7863
22266.666	38.2055
22300	45.6024
22333.334	45.9936
22366.666	45.7252
22400	45.7495
22433.334	45.6095
22466.666	44.346
22500	41.3764
22533.334	39.3148
22566.666	39.0121
22600	39.015
22633.334	40.5141
22666.666	40.6497
22700	39.8587
22733.334	40.0872
22766.666	40.1943
22800	40.3213
22833.334	40.5312
22866.666	40.801
22900	40.5026
22933.334	39.4775
22966.666	36.9405
23000	36.9619
23033.334	37.2989
23066.666	37.2318
23100	37.3845
23133.334	37.9456
23166.666	40.6454
23200	40.7482
23233.334	40.3056
23266.666	38.2312
23300	37.3688
23333.334	37.4117
23366.666	37.5116
23400	37.3645
23433.334	37.463
23466.666	38.284
23500	39.1349
23533.334	41.4863
23566.666	42.5071
23600	48.0866
23633.334	47.674
23666.666	47.0701
23700	43.9006
23733.334	43.3723
23766.666	42.8112
23800	42.5114
23833.334	42.5371
23866.666	42.5257
23900	42.4229
23933.334	41.9332
23966.666	42.0717
24000	41.8861
24033.334	41.9817
24066.666	41.859
24100	41.8675
24133.334	41.9903
24166.666	42.2844
24200	42.3444
24233.334	42.8969
24266.666	46.5247
24300	46.569
24333.334	45.5053
24366.666	42.7584
24400	37.8871
24433.334	35.9168
24466.666	35.5928
24500	35.8983
24533.334	36.555
24566.666	39.0421
24600	46.7174
24633.334	47.0058
24666.666	46.9159
24700	46.6718
24733.334	45.9965
24766.666	42.4272
24800	40.8282
24833.334	40.674
24866.666	39.9644
24900	39.6803
24933.334	37.2446
24966.666	37.1561
25000	44.2318
25033.334	46.4605
25066.666	47.5241
25100	47.5755
25133.334	47.427
25166.666	46.7117
25200	45.8437
25233.334	45.0399
25266.666	44.643
25300	44.5716
25333.334	44.9385
25366.666	44.4645
25400	43.5893
25433.334	42.0588
25466.666	38.0755
25500	37.6529
25533.334	37.6572
25566.666	37.6429
25600	42.8041
25633.334	42.7998
25666.666	44.0448
25700	43.8092
25733.334	43.7735
25766.666	43.7078
25800	43.6807
25833.334	43.8906
25866.666	43.8849
25900	43.3552
25933.334	43.6122
25966.666	42.8969
26000	42.6156
26033.334	42.213
26066.666	40.8895
26100	40.6982
26133.334	40.6211
26166.666	40.6283
26200	42.48
26233.334	42.6285
26266.666	44.7458
26300	44.8314
26333.334	44.119
26366.666	44.3003
26400	44.2304
26433.334	43.3152
26466.666	41.9346
26500	39.9401
26533.334	39.9972
26566.666	43.0354
26600	43.2153
26633.334	42.8298
26666.666	43.4566
26700	43.4808
26733.334	43.428
26766.666	42.8241
26800	42.6628
26833.334	42.3701
26866.666	41.295
26900	36.7777
26933.334	36.605
26966.666	37.0119
27000	45.7923
27033.334	47.634
27066.666	50.932
27100	51.3389
27133.334	50.8592
27166.666	46.2934
27200	40.7796
27233.334	36.8848
27266.666	36.8491
27300	34.6776
27333.334	33.958
27366.666	40.624
27400	41.4863
27433.334	42.5485
27466.666	42.4772
27500	42.283
27533.334	42.0845
27566.666	42.7813
27600	42.3187
27633.334	42.7541
27666.666	42.8127
27700	42.1688
27733.334	42.1588
27766.666	40.7639
27800	39.7759
27833.334	39.4147
27866.666	39.4433
27900	41.8904
27933.334	42.1374
27966.666	42.0046
28000	38.2297
28033.334	34.1408
28066.666	33.574
28100	33.2228
28133.334	33.5054
28166.666	44.6644
28200	47.6911
28233.334	54.1244
28266.666	53.8874
28300	41.482
28333.334	38.3654
28366.666	38.4082
28400	38.1526
28433.334	37.9171
28466.666	37.9413
28500	37.9085
28533.334	37.8956
28566.666	37.7257
28600	38.0184
28633.334	37.9585
28666.666	37.3317
28700	37.316
28733.334	36.8705
28766.666	36.862
28800	36.8306
28833.334	37.0476
28866.666	40.7896
28900	46.2192
28933.334	45.2726
28966.666	42.6285
29000	37.6272
29033.334	37.0647
29066.666	38.4524
29100	38.4853
29133.334	38.561
29166.666	38.6652
29200	38.2254
29233.334	35.3058
29266.666	35.2244
29300	34.6947
29333.334	34.1765
29366.666	33.8652
29400	34.0937
29433.334	34.8246
29466.666	35.3201
29500	35.707
29533.334	37.1575
29566.666	45.1156
29600	44.8743
29633.334	44.2761
29666.666	39.1577
29700	34.719
29733.334	33.5568
29766.666	32.8358
29800	32.8102
29833.334	32.6917
29866.666	32.6874
29900	38.8265
29933.334	38.8708
29966.666	39.0449
30000	40.4655
30033.334	40.3713
30066.666	40.4698
30100	39.4261
30133.334	36.7278
30166.666	33.8038
30200	34.1451
30233.334	34.7989
30266.666	36.181
30300	39.1278
30333.334	42.5029
30366.666	42.6585
30400	40.3556
30433.334	35.1116
30466.666	34.4577
30500	34.2607
30533.334	31.5224
30566.666	31.4395
30600	31.4053
30633.334	31.2454
30666.666	31.3153
30700	31.3924
30733.334	31.4139
30766.666	30.9441
30800	31.0384
30833.334	31.244
30866.666	36.328
30900	36.2795
30933.334	36.5108
30966.666	36.4694
31000	36.515
31033.334	36.418
31066.666	36.0082
31100	35.7355
31133.334	35.8169
31166.666	36.0296
31200	40.4455
31233.334	40.4155
31266.666	40.1957
31300	39.8959
31333.334	38.9336
31366.666	37.1804
31400	36.902
31433.334	36.5008
31466.666	36.5407
31500	36.8705
31533.334	37.0276
31566.666	37.0918
31600	37.019
31633.334	35.0916
31666.666	33.4969
31700	32.4318
31733.334	32.5988
31766.666	36.4123
31800	38.4881
31833.334	42.4686
31866.666	48.5435
31900	48.8405
31933.334	47.6683
31966.666	44.5702
32000	41.542
32033.334	40.0429
32066.666	35.6884
32100	34.6019
32133.334	33.7938
32166.666	33.8795
32200	31.1968
32233.334	31.2725
32266.666	31.0169
32300	31.2768
32333.334	31.6865
32366.666	31.7665
32400	33.1742
32433.334	35.1716
32466.666	36.3637
32500	37.4259
32533.334	37.6515
32566.666	37.6586
32600	32.9129
32633.334	75.5714
32666.666	77.9072
32700	80.8011
32733.334	82.4244
32766.666	83.3096
32800	86.6604
32833.332	95.5279
32866.668	95.8349
32900	95.8649
32933.332	97.5167
32966.668	101.056
33000	103.1347
33033.332	107.0695
33066.668	109.301
33100	109.6051
33133.332	111.2898
33166.668	116.1654
33200	116.4238
33233.332	116.7194
33266.668	116.9778
33300	116.8921
33333.332	116.9535
33366.668	116.6737
33400	116.7294
33433.332	116.8407
33466.668	117.0792
33500	119.1422
33533.332	118.948
33566.668	119.1208
33600	117.7074
33633.332	51.1805
33666.668	52.5525
33700	52.4211
33733.332	51.0291
33766.668	50.6122
33800	49.8056
33833.332	42.6842
33866.668	42.4229
33900	36.3466
33933.332	42.1659
33966.668	43.8906
34000	43.8906
34033.332	43.5651
34066.668	43.1211
34100	42.0374
34133.332	41.3707
34166.668	35.1188
34200	35.0931
34233.332	35.4671
34266.668	38.8008
34300	39.8045
34333.332	39.8873
34366.668	39.1149
34400	39.1178
34433.332	39.1206
34466.668	40.427
34500	39.9787
34533.332	39.9687
34566.668	39.853
34600	39.8059
34633.332	39.7088
34666.668	39.3776
34700	37.7686
34733.332	36.9962
34766.668	36.9862
34800	37.1989
34833.332	36.9662
34866.668	36.9348
34900	36.9705
34933.332	37.0547
34966.668	36.9962
35000	37.2846
35033.332	37.3588
35066.668	37.5316
35100	37.5159
35133.332	37.5815
35166.668	35.8926
35200	35.9154
35233.332	35.7969
35266.668	35.7555
35300	36.4308
35333.332	36.8548
35366.668	36.9077
35400	36.8748
35433.332	36.8306
35466.668	36.7806
35500	33.2684
35533.332	33.0943
35566.668	32.9943
35600	35.6841
35633.332	35.7641
35666.668	36.0939
35700	36.0939
35733.332	36.9219
35766.668	36.9248
35800	40.0615
35833.332	40.1143
35866.668	40.2871
35900	39.3333
35933.332	37.6686
35966.668	37.1704
36000	37.2189
36033.332	37.4416
36066.668	37.6172
36100	37.6172
36133.332	34.5619
36166.668	34.4392
36200	34.3606
36233.332	35.183
36266.668	35.1259
36300	35.9211
36333.332	36.1895
36366.668	36.1624
36400	36.1867
36433.332	36.2723
36466.668	35.2444
36500	35.2344
36533.332	35.3586
36566.668	35.3686
36600	35.2173
36633.332	35.3058
36666.668	35.2373
36700	35.3586
36733.332	36.8577
36766.668	37.9485
36800	37.7714
36833.332	37.6815
36866.668	37.483
36900	37.119
36933.332	36.9605
36966.668	37.0876
37000	36.7149
37033.332	36.5407
37066.668	35.9168
37100	34.779
37133.332	30.7657
37166.668	30.6186
37200	30.9784
37233.332	31.0469
37266.668	31.1711
37300	31.6637
37333.332	32.7031
37366.668	37.2646
37400	37.9727
37433.332	38.4624
37466.668	35.9882
37500	35.9425
37533.332	35.8426
37566.668	34.285
37600	32.6245
37633.332	32.1648
37666.668	31.935
37700	31.9592
37733.332	32.112
37766.668	32.0735
37800	32.8444
37833.332	32.8915
37866.668	32.7045
37900	32.8401
37933.332	32.4232
37966.668	32.6445
38000	32.4932
38033.332	32.4818
38066.668	35.5157
38100	36.1281
38133.332	38.6837
38166.668	39.0093
38200	38.7266
38233.332	38.4439
38266.668	36.3823
38300	36.1653
38333.332	35.6299
38366.668	34.5334
38400	34.0308
38433.332	33.1742
38466.668	31.8436
38500	33.1399
38533.332	34.2493
38566.668	34.9788
38600	35.2844
38633.332	35.1487
38666.668	35.2472
38700	35.2515
38733.332	34.8261
38766.668	36.9819
38800	36.9748
38833.332	36.7678
38866.668	35.133
38900	32.5946
38933.332	32.7259
38966.668	32.7573
39000	32.5246
39033.332	32.7502
39066.668	33.5112
39100	35.3686
39133.332	35.4842
39166.668	35.47
39200	35.4685
39233.332	35.4528
39266.668	35.4571
39300	35.5014
39333.332	35.5114
39366.668	35.2687
39400	35.0145
39433.332	32.5917
39466.668	32.5717
39500	32.4161
39533.332	32.5746
39566.668	32.646
39600	32.6117
39633.332	32.5489
39666.668	32.2748
39700	32.152
39733.332	32.1534
39766.668	31.2711
39800	31.1683
39833.332	31.2468
39866.668	31.2425
39900	31.2083
39933.332	31.2497
39966.668	32.9815
40000	46.1963
40033.332	46.913
40066.668	46.9573
40100	48.6349
40133.332	47.5527
40166.668	39.5561
40200	37.3774
40233.332	37.226
40266.668	37.2275
40300	37.4745
40333.332	37.2832
40366.668	37.6758
40400	37.603
40433.332	37.6172
40466.668	37.6015
40500	37.7686
40533.332	37.5459
40566.668	37.5844
40600	37.5144
40633.332	37.4131
40666.668	37.3089
40700	36.8905
40733.332	36.5993
40766.668	34.1922
40800	34.1965
40833.332	34.2007
40866.668	33.9837
40900	34.2022
40933.332	34.255
40966.668	34.2964
41000	40.6797
41033.332	43.8092
41066.668	45.047
41100	45.0684
41133.332	37.9199
41166.668	34.5805
41200	34.5177
41233.332	34.5305
41266.668	35.1073
41300	35.0202
41333.332	35.2644
41366.668	35.5956
41400	35.6113
41433.332	38.8765
41466.668	39.0164
41500	39.1392
41533.332	39.0635
41566.668	39.1263
41600	39.112
41633.332	39.1891
41666.668	39.192
41700	39.1577
41733.332	41.1494
41766.668	40.4155
41800	36.2966
41833.332	35.3044
41866.668	34.7547
41900	34.8361
41933.332	34.8275
41966.668	35.0274
42000	44.4288
42033.332	45.3369
42066.668	50.5451
42100	49.8798
42133.332	47.3956
42166.668	47.1086
42200	46.8674
42233.332	46.8302
42266.668	46.9459
42300	46.2734
42333.332	45.7609
42366.668	45.7023
42400	43.9634
42433.332	43.9977
42466.668	39.6203
42500	36.6735
42533.332	36.8349
42566.668	36.7735
42600	37.4416
42633.332	37.4145
42666.668	37.9785
42700	39.1435
42733.332	41.4235
42766.668	41.3221
42800	41.1337
42833.332	40.6126
42866.668	40.5797
42900	40.5469
42933.332	41.0266
42966.668	40.9252
43000	40.7653
43033.332	40.7653
43066.668	38.9993
43100	39.1977
43133.332	39.1106
43166.668	39.1477
43200	38.8422
43233.332	38.9493
43266.668	39.0107
43300	39.0435
43333.332	39.4319
43366.668	39.439
43400	44.2746
43433.332	43.8349
43466.668	43.5165
43500	42.0303
43533.332	41.0723
43566.668	39.7845
43600	38.935
43633.332	38.8593
43666.668	39.626
43700	46.5547
43733.332	53.5119
43766.668	53.6975
43800	53.6518
43833.332	51.4574
43866.668	50.2068
43900	42.3529
43933.332	39.1763
43966.668	39.0435
44000	38.758
44033.332	38.1669
44066.668	38.5681
44100	38.5938
44133.332	38.7109
44166.668	38.471
44200	39.3676
44233.332	39.272
44266.668	39.8416
44300	40.2742
44333.332	45.0956
44366.668	47.2657
44400	52.1413
44433.332	51.6716
44466.668	51.3032
44500	47.7611
44533.332	42.49
44566.668	41.612
44600	41.5677
44633.332	41.6519
44666.668	41.4478
44700	42.2673
44733.332	42.293
44766.668	42.2559
44800	41.4849
44833.332	35.8911
44866.668	35.4942
44900	34.5163
44933.332	34.8546
44966.668	36.2466
45000	38.0356
45033.332	43.3766
45066.668	43.4566
45100	43.2124
45133.332	43.2681
45166.668	43.2752
45200	43.221
45233.332	43.1696
45266.668	43.201
45300	43.1596
45333.332	43.1253
45366.668	43.6079
45400	44.1804
45433.332	44.1119
45466.668	44.1647
45500	44.0191
45533.332	43.9191
45566.668	43.8577
45600	43.882
45633.332	43.9762
45666.668	43.9734
45700	50.4252
45733.332	50.6222
45766.668	50.1568
45800	50.9535
45833.332	50.705
45866.668	50.2139
45900	50.0155
45933.332	49.5943
45966.668	49.6214
46000	49.5957
46033.332	44.3075
46066.668	44.2661
46100	44.3218
46133.332	43.8292
46166.668	43.842
46200	43.8235
46233.332	43.882
46266.668	43.7421
46300	43.7906
46333.332	43.7235
46366.668	50.0983
46400	50.0312
46433.332	50.1411
46466.668	49.8584
46500	50.1125
46533.332	49.9997
46566.668	50.074
46600	49.9483
46633.332	50.064
46666.668	49.9926
46700	50.9991
46733.332	50.9535
46766.668	50.5037
46800	50.5237
46833.332	50.4809
46866.668	50.4895
46900	50.5209
46933.332	50.5223
46966.668	50.5251
47000	50.4523
47033.332	49.6428
47066.668	49.6871
47100	49.6371
47133.332	49.7499
47166.668	49.7014
47200	49.7399
47233.332	49.7042
47266.668	49.2945
47300	49.303
47333.332	48.3036
47366.668	48.4407
47400	48.2979
47433.332	47.6055
47466.668	46.7788
47500	45.9279
47533.332	45.7966
47566.668	45.5796
47600	45.0613
47633.332	45.0585
47666.668	43.7564
47700	43.7849
47733.332	43.862
47766.668	43.3652
47800	42.9554
47833.332	42.7813
47866.668	42.7627
47900	42.7213
47933.332	42.7427
47966.668	42.7498
48000	48.0681
48033.332	48.0395
48066.668	48.1908
48100	47.9781
48133.332	48.3308
48166.668	47.9967
48200	47.2114
48233.332	45.8237
48266.668	44.9785
48300	44.4602
48333.332	42.5985
48366.668	42.5842
48400	42.6271
48433.332	42.6685
48466.668	42.7727
48500	42.7984
48533.332	42.8369
48566.668	44.4845
48600	44.5216
48633.332	43.9463
48666.668	47.6169
48700	47.417
48733.332	46.806
48766.668	46.2477
48800	46.0807
48833.332	46.1064
48866.668	45.8894
48900	45.9736
48933.332	45.9422
48966.668	45.9836
49000	45.3626
49033.332	45.5025
49066.668	45.3982
49100	45.561
49133.332	45.294
49166.668	45.2555
49200	45.027
49233.332	45.0199
49266.668	44.693
49300	44.8057
49333.332	47.7711
49366.668	47.7711
49400	47.7268
49433.332	47.7811
49466.668	47.7011
49500	47.7782
49533.332	47.7711
49566.668	47.8039
49600	47.7111
49633.332	48.118
49666.668	47.7268
49700	47.3442
49733.332	47.0787
49766.668	46.8174
49800	46.9816
49833.332	46.9188
49866.668	46.9773
49900	47.19
49933.332	47.2771
49966.668	47.23
50000	50.2596
50033.332	50.251
50066.668	50.4895
50100	50.6708
50133.332	50.4523
50166.668	50.6222
50200	50.0283
50233.332	49.8184
50266.668	49.2802
50300	47.7897
50333.332	47.3185
50366.668	47.3756
50400	47.2214
50433.332	47.3756
50466.668	47.3542
50500	47.3228
50533.332	46.5904
50566.668	46.8317
50600	46.1292
50633.332	42.6813
50666.668	42.6542
50700	42.5014
50733.332	42.5942
50766.668	42.5071
50800	43.2381
50833.332	44.1176
50866.668	44.2118
50900	44.5173
50933.332	44.7158
50966.668	48.6106
51000	48.8033
51033.332	48.7691
51066.668	48.8405
51100	48.345
51133.332	47.3671
51166.668	45.5696
51200	44.5173
51233.332	44.4588
51266.668	44.3917
51300	43.9191
51333.332	44.0005
51366.668	43.7136
51400	44.1133
51433.332	44.4617
51466.668	44.4831
51500	44.2961
51533.332	44.7843
51566.668	44.8557
51600	45.3383
51633.332	47.1672
51666.668	47.16
51700	47.3214
51733.332	47.3442
51766.668	47.4142
51800	47.2514
51833.332	47.1429
51866.668	47.0887
51900	46.9002
51933.332	46.8517
51966.668	47.4427
52000	47.4099
52033.332	47.4399
52066.668	47.3628
52100	47.4113
52133.332	47.3842
52166.668	47.1815
52200	46.4205
52233.332	46.5247
52266.668	46.8302
52300	45.3668
52333.332	45.3811
52366.668	45.5924
52400	45.5739
52433.332	45.5582
52466.668	45.5325
52500	45.9336
52533.332	45.9522
52566.668	45.9365
52600	45.9393
52633.332	47.1543
52666.668	47.3513
52700	47.2357
52733.332	47.3171
52766.668	46.8445
52800	45.9422
52833.332	45.9351
52866.668	46.252
52900	46.8017
52933.332	51.7159
52966.668	51.3703
53000	51.209
53033.332	51.5245
53066.668	51.1134
53100	51.0891
53133.332	50.4638
53166.668	50.2153
53200	50.2296
53233.332	50.2282
53266.668	48.6334
53300	48.8076
53333.332	48.6506
53366.668	48.3479
53400	48.198
53433.332	48.218
53466.668	48.218
53500	48.1494
53533.332	48.2779
53566.668	48.2836
53600	49.4515
53633.332	49.4715
53666.668	49.58
53700	49.3244
53733.332	49.5572
53766.668	49.4501
53800	49.5386
53833.332	49.4372
53866.668	49.4072
53900	48.9347
53933.332	47.8839
53966.668	47.7297
54000	47.764
54033.332	47.7497
54066.668	47.8211
54100	47.7568
54133.332	47.6083
54166.668	47.5212
54200	47.5469
54233.332	46.8988
54266.668	44.9285
54300	45.0142
54333.332	44.9913
54366.668	44.8757
54400	45.1627
54433.332	45.1341
54466.668	45.117
54500	45.1113
54533.332	46.1778
54566.668	46.1878
54600	50.1254
54633.332	50.2339
54666.668	49.9027
54700	50.2367
54733.332	49.8084
54766.668	49.8584
54800	49.2374
54833.332	48.1523
54866.668	48.0381
54900	46.9973
54933.332	45.0899
54966.668	45.4197
55000	45.3397
55033.332	45.3868
55066.668	45.2469
55100	45.3012
55133.332	45.3054
55166.668	45.3254
55200	45.2626
55233.332	45.5724
55266.668	46.4862
55300	46.579
55333.332	45.9622
55366.668	46.4348
55400	46.4647
55433.332	46.1235
55466.668	46.1235
55500	46.3605
55533.332	46.3234
55566.668	46.2849
55600	48.6006
55633.332	48.6134
55666.668	48.6634
55700	48.5278
55733.332	48.6363
55766.668	48.6192
55800	48.7148
55833.332	48.0452
55866.668	47.4613
55900	42.6256
55933.332	42.6513
55966.668	42.7256
56000	42.6085
56033.332	42.323
56066.668	42.2459
56100	42.273
56133.332	42.6228
56166.668	43.2324
56200	43.1739
56233.332	48.3293
56266.668	48.0152
56300	48.8761
56333.332	48.8747
56366.668	48.7919
56400	48.7948
56433.332	48.8305
56466.668	48.8447
56500	48.6306
56533.332	48.2936
56566.668	43.6622
56600	43.9234
56633.332	43.7849
56666.668	43.9434
56700	43.8335
56733.332	43.902
56766.668	43.8263
56800	43.8749
56833.332	43.7949
56866.668	43.8449
56900	47.7454
56933.332	47.7668
56966.668	47.5598
57000	47.7811
57033.332	47.7068
57066.668	47.7697
57100	47.6911
57133.332	47.654
57166.668	47.5584
57200	47.4927
57233.332	46.7217
57266.668	47.3028
57300	47.2743
57333.332	47.1914
57366.668	46.8045
57400	46.6975
57433.332	46.7417
57466.668	46.7389
57500	46.736
57533.332	46.6089
57566.668	47.0087
57600	46.9702
57633.332	47.0358
57666.668	46.993
57700	47.0073
57733.332	46.8916
57766.668	46.9016
57800	46.7774
57833.332	46.7503
57866.668	46.7931
57900	48.2694
57933.332	48.3236
57966.668	48.8276
58000	48.7919
58033.332	48.8847
58066.668	48.3336
58100	47.7682
58133.332	47.7226
58166.668	47.7368
58200	47.6911
58233.332	45.9037
58266.668	45.8094
58300	45.7709
58333.332	45.7566
58366.668	45.7923
58400	45.6966
58433.332	45.7009
58466.668	45.6781
58500	45.7666
58533.332	45.7709
58566.668	47.3513
58600	47.033
58633.332	47.18
58666.668	47.1201
58700	47.14
58733.332	47.0815
58766.668	47.1686
58800	47.1015
58833.332	46.9273
58866.668	47.1415
58900	47.1672
58933.332	47.1515
58966.668	47.2671
59000	47.1657
59033.332	47.2486
59066.668	47.18
59100	47.2585
59133.332	47.25
59166.668	46.6189
59200	45.7766
59233.332	45.8151
59266.668	45.6038
59300	45.888
59333.332	45.8423
59366.668	46.0179
59400	45.868
59433.332	45.9151
59466.668	45.9322
59500	46.6404
59533.332	46.7132
59566.668	46.8688
59600	46.8302
59633.332	46.8645
59666.668	46.7931
59700	46.9245
59733.332	47.3456
59766.668	47.3671
59800	47.2957
59833.332	48.9946
59866.668	48.9532
59900	49.0004
59933.332	48.712
59966.668	48.9946
60000	48.849
60033.332	48.8776
60066.668	48.7976
60100	49.136
60133.332	49.146
60166.668	49.0418
60200	49.1517
60233.332	49.0004
60266.668	48.9989
60300	49.0189
60333.332	49.1674
60366.668	49.0332
60400	49.1802
60433.332	49.0974
60466.668	49.1288
60500	49.383
60533.332	49.7456
60566.668	49.6899
60600	49.7856
60633.332	49.6728
60666.668	49.817
60700	49.7356
