0	5.6666
33.3333	1.6247
66.6667	1.9702
100	2.8883
133.3333	4.0061
166.6667	2.0602
200	0.9808
233.3333	1.6619
266.6667	1.0665
300	20.8074
333.3333	1.6319
366.6667	2.8683
400	3.1538
433.3333	1.145
466.6667	0.731
500	1.7132
533.3333	1.6376
566.6667	1.4191
600	0.4711
633.3333	16.9526
666.6667	2.7826
700	1.2707
733.3333	0.7781
766.6667	1.5319
800	10.9791
833.3333	18.1547
866.6667	4.533
900	1.9188
933.3333	15.7091
966.6667	24.1397
1000	1.2407
1033.3334	10.6207
1066.6666	6.4432
1100	10.3552
1133.3334	2.1715
1166.6666	0.9351
1200	3.7135
1233.3334	2.4271
1266.6666	1.2178
1300	22.0509
1333.3334	1.1579
1366.6666	4.5558
1400	1.1065
1433.3334	1.3249
1466.6666	1.8375
1500	9.0959
1533.3334	4.6101
1566.6666	2.0116
1600	1.0337
1633.3334	23.8356
1666.6666	0.6339
1700	1.2807
1733.3334	3.2009
1766.6666	4.8842
1800	3.1495
1833.3334	0.5397
1866.6666	1.4391
1900	19.3897
1933.3334	6.1634
1966.6666	25.7273
2000	0.9608
2033.3334	2.8054
2066.6667	3.4565
2100	1.0765
2133.3333	0.6139
2166.6667	2.0045
2200	5.5652
2233.3333	3.7791
2266.6667	12.2426
2300	27.4077
2333.3333	4.8899
2366.6667	2.3329
2400	0.8381
2433.3333	1.6447
2466.6667	2.4471
2500	1.6747
2533.3333	4.3102
2566.6667	3.5193
2600	3.9876
2633.3333	28.4913
2666.6667	1.1721
2700	2.4085
2733.3333	3.5764
2766.6667	0.5268
2800	0.544
2833.3333	1.7846
2866.6667	10.7721
2900	1.0422
2933.3333	1.7347
2966.6667	25.6002
3000	0.1699
3033.3333	2.5742
3066.6667	1.3392
3100	1.7846
3133.3333	1.3806
3166.6667	0.9951
3200	0.4711
3233.3333	0.1556
3266.6667	0.9066
3300	24.9378
3333.3333	0.07424
3366.6667	0.5611
3400	3.6878
3433.3333	5.4895
3466.6667	0.5754
3500	1.1279
3533.3333	1.7232
3566.6667	0.7253
3600	25.6559
3633.3333	0.6882
3666.6667	2.834
3700	0.5397
3733.3333	0.4597
3766.6667	0.8209
3800	7.9395
3833.3333	0.3284
3866.6667	0.2798
3900	0.1799
3933.3333	25.5103
3966.6667	2.7441
4000	0.5754
4033.3333	0.3612
4066.6667	0.8067
4100	1.4663
4133.3335	3.5407
4166.6665	3.3651
4200	1.452
4233.3335	26.9423
4266.6665	0.8138
4300	1.8218
4333.3335	1.896
4366.6665	1.7961
4400	1.4748
4433.3335	0.8281
4466.6665	6.2191
4500	2.7926
4533.3335	0.948
4566.6665	26.3055
4600	2.083
4633.3335	5.4553
4666.6665	16.7342
4700	2.4856
4733.3335	8.8789
4766.6665	0.6924
4800	0.1399
4833.3335	0.1528
4866.6665	2.0388
4900	28.3157
4933.3335	0.267
4966.6665	0.8181
5000	2.3985
5033.3335	2.5485
5066.6665	0.8081
5100	0.3883
5133.3335	1.5019
5166.6665	0.4811
5200	0.3041
5233.3335	24.4209
5266.6665	0.3798
5300	2.4114
5333.3335	0.7039
5366.6665	0.9209
5400	0.721
5433.3335	1.1307
5466.6665	0.2913
5500	0.5896
5533.3335	1.5177
5566.6665	30.6971
5600	0.474
5633.3335	0.8709
5666.6665	1.7632
5700	8.8361
5733.3335	2.3957
5766.6665	1.0394
5800	2.4428
5833.3335	1.3092
5866.6665	4.6829
5900	27.0051
5933.3335	2.5913
5966.6665	25.9629
6000	0.7353
6033.3335	2.7283
6066.6665	2.4257
6100	0.8138
6133.3335	0.8581
6166.6665	0.9323
6200	0.2527
6233.3335	0.2084
6266.6665	0.5597
6300	24.3396
6333.3335	2.0773
6366.6665	2.4114
6400	1.5947
6433.3335	4.9399
6466.6665	1.1079
6500	0.6753
6533.3335	0.3484
6566.6665	2.2915
6600	9.5371
6633.3335	25.7558
6666.6665	0.4726
6700	1.3349
6733.3335	1.9717
6766.6665	2.2015
6800	0.6596
6833.3335	0.9166
6866.6665	1.0222
6900	2.6098
6933.3335	4.8942
6966.6665	25.8172
7000	0.6325
7033.3335	1.6975
7066.6665	0.6682
7100	0.277
7133.3335	0.8138
7166.6665	0.9223
7200	3.6207
7233.3335	4.4145
7266.6665	4.6986
7300	27.6818
7333.3335	0.1256
7366.6665	0.5697
7400	1.9017
7433.3335	1.956
7466.6665	1.7704
7500	0.3341
7533.3335	1.3321
7566.6665	10.7478
7600	4.4273
7633.3335	26.3084
7666.6665	0.8966
7700	1.8061
7733.3335	2.1359
7766.6665	0.4512
7800	0.9908
7833.3335	0.9094
7866.6665	4.2945
7900	1.0037
7933.3335	0.01428
7966.6665	26.2841
8000	2.6684
8033.3335	0.631
8066.6665	0.5068
8100	0.7581
8133.3335	1.0879
8166.6665	0.3227
8200	0.227
8233.333	0.3698
8266.667	0.1528
8300	24.9977
8333.333	1.3478
8366.667	2.0388
8400	2.4514
8433.333	0.6011
8466.667	1.1564
8500	0.9023
8533.333	8.492
8566.667	0.7767
8600	0.8181
8633.333	25.1962
8666.667	0.1628
8700	2.7255
8733.333	0.7096
8766.667	0.5925
8800	0.7838
8833.333	0.5026
8866.667	0.2213
8900	0.2955
8933.333	3.5107
8966.667	26.8538
9000	0.7067
9033.333	1.0865
9066.667	2.2544
9100	2.3629
9133.333	0.8409
9166.667	5.1869
9200	3.091
9233.333	3.8691
9266.667	0.9266
9300	26.5368
9333.333	0.3441
9366.667	2.5042
9400	0.7224
9433.333	0.4083
9466.667	1.5034
9500	8.7276
9533.333	9.7355
9566.667	6.6959
9600	1.8003
9633.333	25.4717
9666.667	2.8426
9700	0.6553
9733.333	1.1265
9766.667	2.5242
9800	4.1004
9833.333	3.5064
9866.667	3.5222
9900	3.9319
9933.333	0.02284
9966.667	26.0628
10000	1.245
10033.333	2.1887
10066.667	3.4294
10100	4.0533
10133.333	4.6115
10166.667	2.1658
10200	4.6144
10233.333	1.2036
10266.667	2.2129
10300	25.2561
10333.333	2.8411
10366.667	1.0037
10400	0.7881
10433.333	2.567
10466.667	8.9503
10500	6.7859
10533.333	1.3563
10566.667	0.6696
10600	1.1679
10633.333	26.4297
10666.667	0.3227
10700	0.6296
10733.333	1.7518
10766.667	2.3286
10800	0.4868
10833.333	0.3598
10866.667	0.6553
10900	0.3969
10933.333	0.2556
10966.667	24.3995
11000	0.167
11033.333	2.6298
11066.667	0.4283
11100	0.5354
11133.333	1.6933
11166.667	1.0751
11200	0.5254
11233.333	0.3284
11266.667	0.2399
11300	25.0848
11333.333	0.3641
11366.667	0.8266
11400	8.2422
11433.333	0.454
11466.667	0.3498
11500	0.2027
11533.333	0.1528
11566.667	0.1942
11600	25.7216
11633.333	0.5882
11666.667	3.3166
11700	2.8483
11733.333	0.4654
11766.667	0.3584
11800	0.7667
11833.333	2.173
11866.667	0.6824
11900	0.0771
11933.333	26.6796
11966.667	2.1116
12000	0.6782
12033.333	40.1172
12066.667	25.8287
12100	4.8985
12133.333	8.0437
12166.667	6.9472
12200	6.2962
12233.333	4.3988
12266.667	31.3782
12300	0.8352
12333.333	4.019
12366.667	8.7404
12400	5.638
12433.333	4.8014
12466.667	2.0259
12500	3.0981
12533.333	2.4085
12566.667	2.8212
12600	26.7724
12633.333	1.1065
12666.667	2.914
12700	1.2592
12733.333	0.5796
12766.667	0.8381
12800	0.7153
12833.333	0.4112
12866.667	0.6567
12900	0.424
12933.333	24.5294
12966.667	0.6767
13000	1.2221
13033.333	2.2672
13066.667	52.7866
13100	59.0828
13133.333	4.9199
13166.667	3.278
13200	5.264
13233.333	2.0602
13266.667	33.1742
13300	0.4726
13333.333	9.283
13366.667	1.9888
13400	3.051
13433.333	3.4893
13466.667	6.8616
13500	11.5973
13533.333	1.3806
13566.667	1.1436
13600	27.0651
13633.333	2.4685
13666.667	0.878
13700	4.463
13733.333	9.6884
13766.667	6.1391
13800	0.8009
13833.333	0.9808
13866.667	1.018
13900	0.07139
13933.333	26.5497
13966.667	0.948
14000	2.2886
14033.333	2.2386
14066.667	0.6239
14100	0.3912
14133.333	0.7453
14166.667	0.8509
14200	0.2984
14233.333	0.1371
14266.667	24.5109
14300	8.3649
14333.333	4.2774
14366.667	5.3225
14400	2.4885
14433.333	0.2998
14466.667	4.1875
14500	2.8611
14533.333	3.4022
14566.667	26.2698
14600	0.2998
14633.333	14.7311
14666.667	8.9489
14700	3.6064
14733.333	0.8024
14766.667	0.6382
14800	2.203
14833.333	4.2817
14866.667	1.8289
14900	26.978
14933.333	0.3469
14966.667	1.9317
15000	2.5756
15033.333	0.958
15066.667	1.5348
15100	1.4834
15133.333	0.4997
15166.667	0.2613
15200	0.3512
15233.333	26.6853
15266.667	0.6882
15300	2.3657
15333.333	2.3129
15366.667	1.1864
15400	5.0812
15433.333	13.6061
15466.667	1.3606
15500	2.6541
15533.333	6.7202
15566.667	25.3818
15600	0.8052
15633.333	2.0345
15666.667	2.527
15700	0.5497
15733.333	0.3998
15766.667	1.2121
15800	0.9252
15833.333	1.5319
15866.667	0.03998
15900	26.3027
15933.333	2.2929
15966.667	0.7495
16000	0.6924
16033.333	8.0823
16066.667	1.1679
16100	0.3141
16133.333	1.9374
16166.667	2.2172
16200	10.9619
16233.333	24.9363
16266.667	0.6596
16300	0.5882
16333.333	2.2344
16366.667	2.1615
16400	0.6639
16433.334	0.494
16466.666	0.8124
16500	6.0049
16533.334	8.3607
16566.666	25.2647
16600	0.2713
16633.334	8.3792
16666.666	17.1639
16700	2.4385
16733.334	1.3235
16766.666	1.4177
16800	1.8532
16833.334	0.9537
16866.666	0.554
16900	25.9129
16933.334	0.9808
16966.666	5.0341
17000	20.0836
17033.334	12.471
17066.666	5.3725
17100	3.9419
17133.334	8.2307
17166.666	0.2142
17200	25.8529
17233.334	0.8152
17266.666	2.8226
17300	3.6892
17333.334	1.3963
17366.666	0.4155
17400	1.5162
17433.334	0.9466
17466.666	0.9737
17500	2.8697
17533.334	28.0916
17566.666	2.1658
17600	0.8738
17633.334	2.3629
17666.666	19.6909
17700	1.9103
17733.334	0.4626
17766.666	0.6111
17800	1.8375
17833.334	0.08423
17866.666	27.7346
17900	0.8895
17933.334	1.8103
17966.666	2.2244
18000	0.6196
18033.334	0.3726
18066.666	16.3273
18100	13.5204
18133.334	2.0074
18166.666	0.7852
18200	30.1675
18233.334	24.1554
18266.666	8.6091
18300	0.7096
18333.334	2.4385
18366.666	16.0346
18400	20.4491
18433.334	5.1155
18466.666	2.5813
18500	1.1864
18533.334	28.6684
18566.666	0.6053
18600	3.1824
18633.334	3.5793
18666.666	0.998
18700	0.4312
18733.334	0.8009
18766.666	1.2949
18800	1.0008
18833.334	26.6168
18866.666	0.4126
18900	1.9688
18933.334	0.4669
18966.666	1.145
19000	1.9574
19033.334	8.1836
19066.666	1.6005
19100	0.7624
19133.334	0.3655
19166.666	25.6588
19200	3.4808
19233.334	2.42
19266.666	2.2201
19300	0.791
19333.334	0.7738
19366.666	0.4811
19400	0.1742
19433.334	1.235
19466.666	0.167
19500	26.8352
19533.334	0.691
19566.666	7.0629
19600	11.6058
19633.334	33.357
19666.666	0.4783
19700	2.0902
19733.334	0.7667
19766.666	0.7224
19800	0.9294
19833.334	0.2356
19866.666	0.2998
19900	0.681
19933.334	0.8366
19966.666	27.806
20000	0.494
20033.334	0.3584
20066.666	1.3463
20100	3.3237
20133.334	1.1493
20166.666	0.2527
20200	1.0037
20233.334	2.2115
20266.666	0.2327
20300	25.0092
20333.334	0.9366
20366.666	2.32
20400	5.3425
20433.334	0.5754
20466.666	0.5768
20500	0.8595
20533.334	0.5125
20566.666	2.3557
20600	26.0071
20633.334	2.1087
20666.666	0.4797
20700	0.6025
20733.334	0.781
20766.666	1.3706
20800	0.4926
20833.334	4.9256
20866.666	0.8138
20900	8.5505
20933.334	25.6616
20966.666	0.7595
21000	1.1607
21033.334	2.0802
21066.666	2.5613
21100	0.4868
21133.334	0.6853
21166.666	0.8481
21200	0.6396
21233.334	1.0908
21266.666	26.0685
21300	0.2513
21333.334	2.1044
21366.666	0.9808
21400	0.4469
21433.334	0.8895
21466.666	0.7938
21500	0.5325
21533.334	2.8326
21566.666	0.7538
21600	28.0616
21633.334	1.0936
21666.666	1.5676
21700	4.206
21733.334	4.7
21766.666	5.1883
21800	2.1273
21833.334	2.2258
21866.666	8.1165
21900	3.1338
21933.334	27.0636
21966.666	0.6368
22000	3.2766
22033.334	2.1787
22066.666	1.6005
22100	0.9951
22133.334	3.2138
22166.666	3.8719
22200	0.8866
22233.334	2.1359
22266.666	28.6841
22300	2.1644
22333.334	0.791
22366.666	0.524
22400	0.8852
22433.334	3.4565
22466.666	5.1769
22500	4.2717
22533.334	1.0793
22566.666	0.1199
22600	27.1007
22633.334	1.2921
22666.666	3.0553
22700	2.1615
22733.334	1.0836
22766.666	0.9608
22800	1.7746
22833.334	8.0251
22866.666	1.0922
22900	1.9017
22933.334	26.2598
22966.666	0.2299
23000	1.9445
23033.334	0.6896
23066.666	0.5183
23100	1.6204
23133.334	5.7551
23166.666	0.4083
23200	0.7396
23233.334	4.3074
23266.666	25.7758
23300	0.1485
23333.334	1.0194
23366.666	1.7604
23400	3.0396
23433.334	2.7655
23466.666	2.1159
23500	3.8705
23533.334	2.1201
23566.666	26.5811
23600	0.7467
23633.334	3.1938
23666.666	4.6001
23700	1.442
23733.334	1.5862
23766.666	8.6034
23800	0.5026
23833.334	0.277
23866.666	0.2627
23900	25.2747
23933.334	2.3686
23966.666	0.7481
24000	0.3298
24033.334	0.8252
24066.666	0.9623
24100	0.5168
24133.334	0.5739
24166.666	0.9509
24200	0.898
24233.334	25.7915
24266.666	0.8295
24300	2.9254
24333.334	6.4589
24366.666	9.0402
24400	4.0633
24433.334	1.1464
24466.666	0.8224
24500	2.4899
24533.334	5.0912
24566.666	28.5256
24600	2.3043
24633.334	0.6182
24666.666	0.978
24700	2.0745
24733.334	12.9807
24766.666	3.6521
24800	0.4683
24833.334	1.6005
24866.666	1.2036
24900	26.247
24933.334	0.4197
24966.666	10.5365
25000	5.361
25033.334	3.5507
25066.666	0.8538
25100	0.751
25133.334	1.8689
25166.666	2.2386
25200	1.3577
25233.334	25.6759
25266.666	0.394
25300	2.5456
25333.334	1.1279
25366.666	2.2429
25400	3.001
25433.334	7.1271
25466.666	1.6818
25500	0.4012
25533.334	0.494
25566.666	27.1364
25600	0.7067
25633.334	2.5984
25666.666	2.0916
25700	8.9731
25733.334	0.7053
25766.666	0.2384
25800	0.4012
25833.334	0.1142
25866.666	0.6924
25900	25.9586
25933.334	1.5776
25966.666	2.063
26000	2.7469
26033.334	2.9568
26066.666	0.8738
26100	0.7453
26133.334	0.5011
26166.666	3.2766
26200	0.5597
26233.334	24.8207
26266.666	2.5185
26300	1.7375
26333.334	0.6039
26366.666	0.6896
26400	1.8203
26433.334	2.1487
26466.666	3.1909
26500	0.5425
26533.334	27.235
26566.666	0.8623
26600	1.6533
26633.334	8.1736
26666.666	0.1756
26700	0.07852
26733.334	0.9608
26766.666	0.9837
26800	0.6496
26833.334	1.7489
26866.666	26.6353
26900	0.9666
26933.334	1.6033
26966.666	14.8053
27000	2.9496
27033.334	4.8913
27066.666	1.6404
27100	0.7396
27133.334	6.7473
27166.666	8.7461
27200	27.3806
27233.334	0.4412
27266.666	6.112
27300	3.6464
27333.334	14.2243
27366.666	1.8817
27400	2.7184
27433.334	0.9794
27466.666	0.988
27500	0.661
27533.334	23.9198
27566.666	1.1564
27600	8.5563
27633.334	0.3441
27666.666	1.2949
27700	0.8209
27733.334	2.7226
27766.666	1.6247
27800	0.9666
27833.334	0.5111
27866.666	26.504
27900	1.8375
27933.334	0.7467
27966.666	6.9301
28000	9.0203
28033.334	3.842
28066.666	0.8995
28100	1.2992
28133.334	19.8394
28166.666	4.3117
28200	27.1065
28233.334	1.0594
28266.666	18.1276
28300	8.0965
28333.334	0.7824
28366.666	0.8238
28400	1.0437
28433.334	0.721
28466.666	0.4954
28500	0.6924
28533.334	24.7179
28566.666	8.205
28600	0.8366
28633.334	1.4263
28666.666	0.167
28700	0.8566
28733.334	0.2142
28766.666	0.237
28800	0.4826
28833.334	6.2262
28866.666	27.4677
28900	1.689
28933.334	4.463
28966.666	9.3186
29000	3.141
29033.334	2.8526
29066.666	0.4611
29100	1.0437
29133.334	0.681
29166.666	1.2478
29200	25.3975
29233.334	0.3098
29266.666	3.9362
29300	2.8711
29333.334	1.165
29366.666	2.2358
29400	2.2044
29433.334	1.6975
29466.666	0.7181
29500	3.0667
29533.334	30.5073
29566.666	1.3178
29600	0.8723
29633.334	8.3678
29666.666	7.811
29700	4.2917
29733.334	1.6233
29766.666	0.2027
29800	0.8523
29833.334	0.1299
29866.666	30.0047
29900	1.0237
29933.334	2.9868
29966.666	4.1589
30000	0.8338
30033.334	0.7238
30066.666	2.1915
30100	6.6845
30133.334	7.6125
30166.666	26.3284
30200	3.4208
30233.334	4.1232
30266.666	4.9484
30300	7.0329
30333.334	0.7952
30366.666	3.5022
30400	11.1661
30433.334	1.6419
30466.666	8.3692
30500	26.0928
30533.334	0.3512
30566.666	0.9965
30600	2.0759
30633.334	2.7084
30666.666	0.6053
30700	0.424
30733.334	1.2178
30766.666	0.9708
30800	1.1136
30833.334	27.2963
30866.666	0.8395
30900	2.2329
30933.334	0.4897
30966.666	0.3369
31000	0.771
31033.334	1.5605
31066.666	0.7067
31100	0.2584
31133.334	0.8124
31166.666	26.4683
31200	0.1613
31233.334	0.8109
31266.666	1.9588
31300	4.4459
31333.334	3.0924
31366.666	1.3806
31400	1.4291
31433.334	8.1779
31466.666	1.1636
31500	26.938
31533.334	0.8695
31566.666	1.6633
31600	5.4995
31633.334	10.8463
31666.666	7.3841
31700	1.6947
31733.334	15.8918
31766.666	6.0678
31800	7.2213
31833.334	28.6812
31866.666	2.3215
31900	2.0887
31933.334	4.8885
31966.666	5.4981
32000	3.6664
32033.334	9.4286
32066.666	2.8254
32100	3.358
32133.334	0.9166
32166.666	27.5762
32200	0.781
32233.334	3.051
32266.666	2.4071
32300	1.8746
32333.334	1.0337
32366.666	5.8622
32400	11.5059
32433.334	3.1538
32466.666	2.8497
32500	26.0243
32533.334	0.4355
32566.666	13.1235
32600	73.4113
32633.334	5.7394
32666.666	5.3039
32700	4.9499
32733.334	1.9617
32766.666	6.0521
32800	30.9798
32833.332	1.0808
32866.668	0.9666
32900	3.7135
32933.332	6.3861
32966.668	2.7498
33000	5.4139
33033.332	3.6678
33066.668	1.0865
33100	2.5956
33133.332	25.9457
33166.668	1.3235
33200	2.5684
33233.332	0.8495
33266.668	0.4483
33300	1.0151
33333.332	7.4755
33366.668	0.8067
33400	0.1713
33433.332	0.3155
33466.668	22.9618
33500	2.1558
33533.332	0.6867
33566.668	1.9988
33600	97.314
33633.332	11.9485
33666.668	7.0072
33700	4.3674
33733.332	3.4379
33766.668	4.2274
33800	33.574
33833.332	1.4149
33866.668	24.0083
33900	18.9571
33933.332	3.1981
33966.668	0.5739
34000	1.8874
34033.332	1.6718
34066.668	2.8654
34100	1.3635
34133.332	29.3294
34166.668	2.7069
34200	1.1393
34233.332	6.8401
34266.668	2.4599
34300	8.4121
34333.332	1.8517
34366.668	0.2341
34400	0.1256
34433.332	2.083
34466.668	27.5348
34500	0.1756
34533.332	0.6011
34566.668	2.0459
34600	1.7475
34633.332	1.5562
34666.668	2.9882
34700	3.1681
34733.332	0.484
34766.668	0.9066
34800	25.3375
34833.332	0.2684
34866.668	1.9146
34900	0.5297
34933.332	0.3755
34966.668	1.2393
35000	0.6482
35033.332	0.7638
35066.668	0.207
35100	0.3055
35133.332	25.6116
35166.668	0.1342
35200	0.5154
35233.332	1.6433
35266.668	8.4849
35300	0.8181
35333.332	0.1985
35366.668	0.09566
35400	0.5268
35433.332	0.1385
35466.668	27.7004
35500	0.8166
35533.332	1.9474
35566.668	8.2293
35600	1.8303
35633.332	1.6833
35666.668	0.3912
35700	2.8012
35733.332	0.07424
35766.668	25.9172
35800	2.4714
35833.332	0.7467
35866.668	2.7355
35900	5.6023
35933.332	1.9088
35966.668	0.7139
36000	0.731
36033.332	0.5411
36066.668	0
36100	26.1499
36133.332	0.7396
36166.668	2.0545
36200	8.6748
36233.332	0.2941
36266.668	2.0088
36300	1.579
36333.332	0.424
36366.668	0.2042
36400	0.2313
36433.332	26.5611
36466.668	0.4611
36500	1.6718
36533.332	1.4663
36566.668	0.4654
36600	0.6567
36633.332	0.7224
36666.668	0.2898
36700	3.5321
36733.332	2.1159
36766.668	26.7952
36800	0.307
36833.332	0.7096
36866.668	2.6198
36900	2.3086
36933.332	0.6867
36966.668	1.0608
37000	2.5242
37033.332	2.103
37066.668	3.7677
37100	27.3278
37133.332	0.5468
37166.668	8.7918
37200	0.691
37233.332	2.0116
37266.668	1.9003
37300	2.8868
37333.332	11.3231
37366.668	1.4705
37400	1.1579
37433.332	25.5031
37466.668	1.9046
37500	1.3278
37533.332	6.1463
37566.668	10.9605
37600	2.7698
37633.332	1.5205
37666.668	1.2464
37700	2.0059
37733.332	0.2356
37766.668	25.8815
37800	0.6782
37833.332	1.9888
37866.668	2.8112
37900	1.7989
37933.332	2.4485
37966.668	2.8354
38000	0.7567
38033.332	9.8498
38066.668	0.8609
38100	27.0636
38133.332	8.8032
38166.668	1.2849
38200	0.7967
38233.332	4.3488
38266.668	1.1993
38300	1.9117
38333.332	2.9725
38366.668	4.2431
38400	4.523
38433.332	26.8152
38466.668	2.4928
38500	3.3765
38533.332	4.8813
38566.668	2.9496
38600	0.681
38633.332	2.8054
38666.668	1.2521
38700	1.1536
38733.332	26.3441
38766.668	0.2556
38800	2.4143
38833.332	4.553
38866.668	17.438
38900	2.3015
38933.332	1.0023
38966.668	1.4348
39000	6.1077
39033.332	6.6745
39066.668	28.2672
39100	0.5554
39133.332	0.2484
39166.668	0.1585
39200	0.1442
39233.332	0.2327
39266.668	0.1071
39300	0.05568
39333.332	0.6796
39366.668	0.8937
39400	25.426
39433.332	0.7367
39466.668	1.7118
39500	1.5976
39533.332	1.0422
39566.668	0.8395
39600	0.7053
39633.332	1.1279
39666.668	1.1793
39700	0.2955
39733.332	23.8741
39766.668	2.6527
39800	0.681
39833.332	0.7039
39866.668	0.7881
39900	0.8409
39933.332	5.2097
39966.668	22.5235
40000	3.0753
40033.332	8.5591
40066.668	26.3027
40100	1.7932
40133.332	12.5681
40166.668	5.8479
40200	4.0061
40233.332	0.6353
40266.668	0.7924
40300	0.9451
40333.332	2.3314
40366.668	0.4868
40400	26.2298
40433.332	0.4012
40466.668	2.1173
40500	1.1936
40533.332	0.5325
40566.668	0.878
40600	1.0836
40633.332	0.4526
40666.668	0.8695
40700	0.691
40733.332	25.99
40766.668	0.2441
40800	0.6981
40833.332	2.1416
40866.668	2.6884
40900	0.7752
40933.332	0.4069
40966.668	10.4951
41000	12.5695
41033.332	1.8232
41066.668	25.8001
41100	12.6309
41133.332	8.482
41166.668	2.9411
41200	1.2664
41233.332	1.3192
41266.668	0.7867
41300	1.3321
41333.332	1.2535
41366.668	0.1099
41400	26.414
41433.332	3.041
41466.668	0.5854
41500	0.8095
41533.332	1.3649
41566.668	0.4797
41600	0.2827
41633.332	0.394
41666.668	0.1428
41700	25.3661
41733.332	1.7132
41766.668	8.6733
41800	4.8499
41833.332	1.6747
41866.668	0.4897
41900	0.8909
41933.332	8.3607
41966.668	15.9775
42000	1.6847
42033.332	26.701
42066.668	1.9245
42100	5.6137
42133.332	0.9608
42166.668	1.235
42200	0.9994
42233.332	1.3977
42266.668	1.1636
42300	0.6981
42333.332	0.4326
42366.668	26.0614
42400	0.2541
42433.332	7.8695
42466.668	6.7759
42500	2.4514
42533.332	0.7238
42566.668	2.1615
42600	0.8495
42633.332	1.5034
42666.668	2.2444
42700	25.486
42733.332	0.3555
42766.668	2.6413
42800	1.3892
42833.332	0.5297
42866.668	0.6753
42900	8.0665
42933.332	0.998
42966.668	0.5796
43000	0
43033.332	24.6836
43066.668	1.9974
43100	0.5011
43133.332	0.3712
43166.668	1.145
43200	0.5896
43233.332	0.5211
43266.668	0.4526
43300	1.008
43333.332	0.1499
43366.668	25.7144
43400	1.6733
43433.332	2.0944
43466.668	4.6472
43500	1.8974
43533.332	2.4728
43566.668	1.6147
43600	0.8923
43633.332	1.4634
43666.668	10.8035
43700	27.4334
43733.332	2.0787
43766.668	0.6796
43800	3.4736
43833.332	2.4642
43866.668	17.548
43900	7.4455
43933.332	0.7867
43966.668	0.9394
44000	1.7304
44033.332	26.3255
44066.668	0.2284
44100	0.6368
44133.332	1.8846
44166.668	3.2095
44200	1.3492
44233.332	1.1893
44266.668	2.2715
44300	9.5414
44333.332	3.6092
44366.668	27.322
44400	0.978
44433.332	2.133
44466.668	6.152
44500	8.9946
44533.332	2.6341
44566.668	0.4326
44600	0.3241
44633.332	0.7381
44666.668	25.1762
44700	0.2084
44733.332	0.5054
44766.668	2.4814
44800	17.7521
44833.332	2.3557
44866.668	2.103
44900	0.9066
44933.332	3.4679
44966.668	5.3982
45000	26.8937
45033.332	0.8538
45066.668	2.2001
45100	1.9231
45133.332	0.8495
45166.668	0.5739
45200	0.4654
45233.332	0.3055
45266.668	0.2498
45300	0.1399
45333.332	24.4909
45366.668	2.4257
45400	0.5654
45433.332	0.4669
45466.668	0.7338
45500	1.4934
45533.332	0.3783
45566.668	0.1528
45600	0.6482
45633.332	0.0257
45666.668	26.1171
45700	0.9166
45733.332	2.2415
45766.668	8.2893
45800	0.7824
45833.332	0.7681
45866.668	0.3441
45900	0.7267
45933.332	0.2584
45966.668	0.09423
46000	26.3812
46033.332	0.2813
46066.668	2.3543
46100	1.1807
46133.332	0.3612
46166.668	0.4926
46200	0.6553
46233.332	0.4083
46266.668	0.2713
46300	0.4155
46333.332	26.4883
46366.668	0.5382
46400	0.7153
46433.332	1.7789
46466.668	2.0188
46500	0.5611
46533.332	0.3798
46566.668	0.7938
46600	0.6239
46633.332	0.3969
46666.668	24.618
46700	0.1942
46733.332	8.9874
46766.668	0.394
46800	0.3341
46833.332	0.06853
46866.668	0.1428
46900	0.08423
46933.332	0.1713
46966.668	0.187
47000	24.3067
47033.332	2.1059
47066.668	0.741
47100	0.4897
47133.332	0.7738
47166.668	0.3898
47200	0.3612
47233.332	0.8581
47266.668	0.03712
47300	25.7901
47333.332	1.342
47366.668	1.836
47400	2.8997
47433.332	1.6262
47466.668	2.0216
47500	0.8709
47533.332	0.9994
47566.668	0.8809
47600	0.05425
47633.332	24.8964
47666.668	8.8004
47700	0.434
47733.332	0.8595
47766.668	0.9894
47800	0.3598
47833.332	0.1471
47866.668	0.08709
47900	0.05854
47933.332	0.4412
47966.668	26.5025
48000	0.09994
48033.332	0.8452
48066.668	1.7632
48100	2.0916
48133.332	1.3649
48166.668	1.3363
48200	3.2438
48233.332	2.5299
48266.668	1.175
48300	25.6331
48333.332	0.4483
48366.668	1.9874
48400	0.5011
48433.332	0.5697
48466.668	0.7281
48500	0.7752
48533.332	3.1381
48566.668	0.2313
48600	1.195
48633.332	28.113
48666.668	0.8852
48700	0.8909
48733.332	0.9608
48766.668	0.4098
48800	0.1142
48833.332	0.4255
48866.668	0.1385
48900	0.1228
48933.332	0.1556
48966.668	25.5802
49000	0.7967
49033.332	1.8175
49066.668	1.9131
49100	1.0808
49133.332	0.404
49166.668	1.3535
49200	0.641
49233.332	0.7781
49266.668	0.4012
49300	24.8978
49333.332	2.3443
49366.668	0.7781
49400	0.3426
49433.332	0.7224
49466.668	0.7081
49500	0.3469
49533.332	0.1385
49566.668	0.3669
49600	7.7682
49633.332	24.7365
49666.668	0.6396
49700	1.1108
49733.332	1.7804
49766.668	1.8003
49800	0.7396
49833.332	0.6839
49866.668	1.3834
49900	0.3898
49933.332	0.3526
49966.668	24.8193
50000	0.2941
50033.332	2.6398
50066.668	0.5382
50100	0.7124
50133.332	0.9009
50166.668	1.402
50200	0.5754
50233.332	1.0151
50266.668	25.8701
50300	0.6539
50333.332	0.6996
50366.668	1.6933
50400	2.3215
50433.332	0.5097
50466.668	0.2798
50500	1.7518
50533.332	8.1336
50566.668	1.145
50600	26.4711
50633.332	0.781
50666.668	1.7004
50700	1.9288
50733.332	0.6239
50766.668	1.5191
50800	1.9845
50833.332	0.3683
50866.668	0.9194
50900	0.5554
50933.332	24.8278
50966.668	2.2372
51000	0.5939
51033.332	0.5682
51066.668	1.4006
51100	2.1087
51133.332	2.4257
51166.668	2.0345
51200	0.3698
51233.332	0.2898
51266.668	25.3946
51300	0.8038
51333.332	2.3629
51366.668	2.5071
51400	1.1222
51433.332	0.5097
51466.668	1.0836
51500	7.9238
51533.332	0.3141
51566.668	1.3221
51600	25.446
51633.332	0.1356
51666.668	2.3571
51700	0.8966
51733.332	0.4297
51766.668	0.6053
51800	0.7567
51833.332	0.2741
51866.668	0.7738
51900	0.2941
51933.332	24.3224
51966.668	0.1899
52000	0.5554
52033.332	1.7332
52066.668	1.9588
52100	1.0094
52133.332	0.7424
52166.668	1.7118
52200	0.4811
52233.332	0.8309
52266.668	24.9378
52300	0.1913
52333.332	2.0045
52366.668	0.4697
52400	0.3384
52433.332	0.7081
52466.668	7.9138
52500	0.4983
52533.332	0.1728
52566.668	0.008566
52600	25.4489
52633.332	2.1615
52666.668	0.5782
52700	0.3584
52733.332	1.235
52766.668	1.9959
52800	0.187
52833.332	0.8081
52866.668	1.1493
52900	26.2755
52933.332	1.1736
52966.668	1.8432
53000	1.8574
53033.332	1.2136
53066.668	0.3926
53100	1.3706
53133.332	0.9823
53166.668	0.2855
53200	0.001428
53233.332	25.0463
53266.668	2.3786
53300	0.8195
53333.332	1.0508
53366.668	0.8552
53400	8.7062
53433.332	0.3655
53466.668	0.1942
53500	0.1885
53533.332	0.1542
53566.668	24.8221
53600	0.1399
53633.332	0.5397
53666.668	1.8146
53700	2.1915
53733.332	0.5697
53766.668	0.4797
53800	0.6896
53833.332	0.6981
53866.668	0.8124
53900	23.9883
53933.332	1.0023
53966.668	2.2272
54000	0.8395
54033.332	0.434
54066.668	0.8324
54100	0.7738
54133.332	0.2898
54166.668	0.1142
54200	1.1422
54233.332	23.403
54266.668	0.6824
54300	0.6739
54333.332	1.5205
54366.668	8.3621
54400	0.3341
54433.332	0.197
54466.668	0.1256
54500	1.9146
54533.332	0.06996
54566.668	24.0854
54600	0.8509
54633.332	1.9588
54666.668	2.1501
54700	1.0279
54733.332	0.4326
54766.668	1.6718
54800	2.2872
54833.332	0.4997
54866.668	1.5776
54900	24.8707
54933.332	2.3828
54966.668	0.5739
55000	0.4469
55033.332	0.8652
55066.668	0.5996
55100	0.2641
55133.332	0.4197
55166.668	0.494
55200	0.6725
55233.332	23.5515
55266.668	0.6296
55300	2.4785
55333.332	8.2707
55366.668	0.2156
55400	0.6981
55433.332	0.08566
55466.668	0.4597
55500	0.4083
55533.332	0.6182
55566.668	24.8393
55600	0.2898
55633.332	2.42
55666.668	0.4897
55700	0.5168
55733.332	0.7396
55766.668	0.7867
55800	1.0865
55833.332	1.9117
55866.668	26.1827
55900	0.4711
55933.332	0.7995
55966.668	1.6276
56000	2.5013
56033.332	0.6025
56066.668	0.4469
56100	1.7347
56133.332	1.3321
56166.668	0.3441
56200	25.0177
56233.332	0.5625
56266.668	8.3507
56300	0.3155
56333.332	0.3027
56366.668	0.1114
56400	0.2213
56433.332	0.1599
56466.668	0.631
56500	0.4226
56533.332	24.7536
56566.668	2.1516
56600	0.7238
56633.332	0.524
56666.668	0.761
56700	0.7967
56733.332	0.3298
56766.668	0.1885
56800	0.3569
56833.332	0.09566
56866.668	25.93
56900	0.6268
56933.332	2.1658
56966.668	2.5599
57000	0.5197
57033.332	0.4854
57066.668	0.8209
57100	0.8909
57133.332	0.4497
57166.668	0.3683
57200	24.2568
57233.332	8.7104
57266.668	0.3141
57300	0.3484
57333.332	0.6782
57366.668	0.6439
57400	0.1356
57433.332	0.06853
57466.668	0.06282
57500	0.6753
57533.332	25.0648
57566.668	0.1728
57600	0.6824
57633.332	2.0159
57666.668	2.5385
57700	0.6953
57733.332	0.3783
57766.668	1.0865
57800	0.6096
57833.332	0.3398
57866.668	24.982
57900	0.2142
57933.332	2.537
57966.668	0.8266
58000	0.4726
58033.332	1.5019
58066.668	1.896
58100	0.5968
58133.332	0.2027
58166.668	0.671
58200	27.0836
58233.332	0.4312
58266.668	0.3469
58300	0.06853
58333.332	0.1642
58366.668	0.3726
58400	0.08423
58433.332	0.04283
58466.668	0.5739
58500	0.4326
58533.332	25.0406
58566.668	2.3
58600	2.1116
58633.332	0.5254
58666.668	0.6253
58700	0.8038
58733.332	0.4269
58766.668	0.2955
58800	0.2256
58833.332	24.0198
58866.668	2.7184
58900	0.4983
58933.332	0.4212
58966.668	0.8666
59000	0.7424
59033.332	0.7738
59066.668	0.227
59100	0.3255
59133.332	26.504
59166.668	25.0991
59200	0.8067
59233.332	1.8617
59266.668	2.3943
59300	0.5454
59333.332	0.5354
59366.668	0.8523
59400	0.5754
59433.332	0.5854
59466.668	23.5058
59500	0.3041
59533.332	2.34
59566.668	0.6753
59600	0.4083
59633.332	0.8623
59666.668	0.7681
59700	0.8466
59733.332	0.1214
59766.668	0.2427
59800	24.0826
59833.332	0.1699
59866.668	0.7553
59900	2.0559
59933.332	2.6612
59966.668	0.5625
60000	0.4112
60033.332	1.1108
60066.668	8.1336
60100	0.0157
60133.332	25.2661
60166.668	0.8723
60200	2.3586
60233.332	2.2572
60266.668	0.6824
60300	0.5768
60333.332	0.6196
60366.668	0.6867
60400	0.3312
60433.332	0.1057
60466.668	24.548
60500	2.2701
60533.332	0.5468
60566.668	0.5297
60600	0.9865
60633.332	0.5011
60666.668	0.3983
