0	43.752
33.3333	38.3811
66.6667	40.1826
100	40.0348
133.3333	40.1358
166.6667	40.2089
200	39.9528
233.3333	39.9923
266.6667	39.9353
300	39.9001
333.3333	39.8914
366.6667	38.8099
400	38.7894
433.3333	38.7952
466.6667	38.8625
500	38.9928
533.3333	38.9723
566.6667	38.9503
600	38.9372
633.3333	38.9503
666.6667	38.5976
700	39.6089
733.3333	39.2577
766.6667	39.2269
800	39.2006
833.3333	39.2708
866.6667	39.3718
900	39.6938
933.3333	41.5758
966.6667	41.3153
1000	41.2641
1033.3334	40.1123
1066.6666	40.1358
1100	40.1343
1133.3334	40.2982
1166.6666	40.2382
1200	40.2411
1233.3334	40.7548
1266.6666	40.7343
1300	40.6611
1333.3334	40.6187
1366.6666	39.3543
1400	39.3777
1433.3334	39.1977
1466.6666	38.8201
1500	39.2138
1533.3334	39.3821
1566.6666	39.3104
1600	39.3323
1633.3334	39.3469
1666.6666	39.5065
1700	39.7743
1733.3334	39.685
1766.6666	39.9587
1800	40.0011
1833.3334	40.026
1866.6666	40.0801
1900	41.668
1933.3334	41.5656
1966.6666	41.5861
2000	41.5831
2033.3334	39.6353
2066.6667	39.9572
2100	39.9601
2133.3333	39.9806
2166.6667	39.9645
2200	39.9865
2233.3333	40.0684
2266.6667	39.9133
2300	39.827
2333.3333	39.7611
2366.6667	40.0904
2400	40.0289
2433.3333	39.587
2466.6667	40.2953
2500	40.2572
2533.3333	40.1372
2566.6667	40.2514
2600	40.2367
2633.3333	40.2382
2666.6667	39.4216
2700	39.7245
2733.3333	39.9309
2766.6667	39.9118
2800	39.9192
2833.3333	41.1748
2866.6667	41.0738
2900	41.0446
2933.3333	40.9685
2966.6667	41.9885
3000	40.2777
3033.3333	41.1309
3066.6667	40.8382
3100	41.166
3133.3333	41.4134
3166.6667	41.0431
3200	39.9879
3233.3333	39.9104
3266.6667	40.6611
3300	40.6026
3333.3333	39.666
3366.6667	39.8328
3400	40.2909
3433.3333	40.3055
3466.6667	40.1431
3500	41.1982
3533.3333	41.8817
3566.6667	41.7017
3600	51.384
3633.3333	62.9367
3666.6667	52.3426
3700	41.7514
3733.3333	39.5065
3766.6667	40.1767
3800	50.9084
3833.3333	42.4568
3866.6667	70.7545
3900	42.2051
3933.3333	41.4646
3966.6667	42.0353
4000	41.1426
4033.3333	40.9626
4066.6667	40.3933
4100	40.2323
4133.3335	46.0892
4166.6665	42.0163
4200	45.1891
4233.3335	42.3719
4266.6665	41.8129
4300	38.7411
4333.3335	8.5789
4366.6665	4.8295
4400	2.1542
4433.3335	1.1649
4466.6665	1.4474
4500	0.4507
4533.3335	0.7317
4566.6665	1.4854
4600	1.4971
4633.3335	37.7049
4666.6665	37.6493
4700	36.8049
4733.3335	40.1328
4766.6665	40.0699
4800	40.0158
4833.3335	40.0728
4866.6665	40.1753
4900	40.1241
4933.3335	40.2631
4966.6665	39.5767
5000	39.5826
5033.3335	39.6338
5066.6665	39.647
5100	39.6338
5133.3335	51.7879
5166.6665	40.9626
5200	47.1502
5233.3335	40.348
5266.6665	41.6241
5300	43.2866
5333.3335	41.8963
5366.6665	41.8685
5400	41.7353
5433.3335	41.4119
5466.6665	41.5304
5500	42.8095
5533.3335	42.3661
5566.6665	40.4504
5600	40.3392
5633.3335	41.0812
5666.6665	41.1031
5700	41.8466
5733.3335	48.1819
5766.6665	45.8477
5800	45.574
5833.3335	50.5937
5866.6665	42.9207
5900	41.9944
5933.3335	41.3914
5966.6665	40.686
6000	41.1002
6033.3335	41.0943
6066.6665	40.9495
6100	41.2817
6133.3335	40.8133
6166.6665	40.7709
6200	40.9392
6233.3335	40.9392
6266.6665	40.8719
6300	40.8016
6333.3335	41.4909
6366.6665	41.7441
6400	41.5319
6433.3335	41.3124
6466.6665	41.2963
6500	41.3592
6533.3335	41.4178
6566.6665	41.7178
6600	40.1065
6633.3335	41.2831
6666.6665	41.1719
6700	41.1704
6733.3335	41.1675
6766.6665	41.2495
6800	41.2026
6833.3335	41.229
6866.6665	41.1924
6900	41.2041
6933.3335	39.2899
6966.6665	39.224
7000	39.1977
7033.3335	38.9562
7066.6665	39.2065
7100	39.2313
7133.3335	39.2489
7166.6665	40.7958
7200	40.9026
7233.3335	40.9377
7266.6665	40.7899
7300	40.8997
7333.3335	40.746
7366.6665	40.6114
7400	40.7651
7433.3335	40.9099
7466.6665	41.0592
7500	41.0402
7533.3335	41.049
7566.6665	41.049
7600	40.3026
7633.3335	40.4446
7666.6665	40.5675
7700	40.5499
7733.3335	40.6143
7766.6665	40.6172
7800	40.6099
7833.3335	40.5924
7866.6665	40.5865
7900	40.5733
7933.3335	40.1636
7966.6665	40.0362
8000	39.7801
8033.3335	40.0992
8066.6665	40.1855
8100	40.1065
8133.3335	40.0801
8166.6665	40.1006
8200	40.1153
8233.333	40.1167
8266.667	39.8284
8300	40.0875
8333.333	40.3919
8366.667	40.3685
8400	41.1119
8433.333	41.5714
8466.667	41.6256
8500	40.9816
8533.333	39.7772
8566.667	41.6256
8600	41.5451
8633.333	41.5861
8666.667	41.6636
8700	41.6885
8733.333	41.8144
8766.667	41.7529
8800	41.7763
8833.333	40.3099
8866.667	40.4358
8900	40.5016
8933.333	40.6319
8966.667	40.5763
9000	40.6641
9033.333	40.7153
9066.667	40.6992
9100	40.806
9133.333	40.828
9166.667	40.7519
9200	40.746
9233.333	40.6729
9266.667	40.5894
9300	41.6183
9333.333	41.6022
9366.667	41.63
9400	41.6022
9433.333	41.6314
9466.667	41.6314
9500	41.0812
9533.333	40.8997
9566.667	40.7094
9600	40.869
9633.333	41.0416
9666.667	41.0138
9700	41.0753
9733.333	41.0753
9766.667	41.1441
9800	41.1426
9833.333	41.2173
9866.667	41.2451
9900	41.3724
9933.333	41.3665
9966.667	41.4163
10000	41.4163
10033.333	41.3885
10066.667	41.3958
10100	41.4075
10133.333	41.4163
10166.667	178.2276
10200	253.156
10233.333	320.83
10266.667	355.1528
10300	354.8089
10333.333	382.9105
10366.667	394.5232
10400	383.7447
10433.333	383.9935
10466.667	384.1793
10500	324.5121
10533.333	319.9811
10566.667	287.9838
10600	168.598
10633.333	133.9078
10666.667	135.2279
10700	84.8932
10733.333	61.22
10766.667	61.5552
10800	60.0536
10833.333	46.8985
10866.667	46.6716
10900	46.3921
10933.333	46.9336
10966.667	45.9575
11000	45.9882
11033.333	55.5739
11066.667	48.1805
11100	45.5887
11133.333	46.4887
11166.667	46.3336
11200	47.2834
11233.333	47.4092
11266.667	47.2951
11300	47.3463
11333.333	47.339
11366.667	47.3682
11400	47.336
11433.333	47.336
11466.667	48.138
11500	48.6195
11533.333	48.6898
11566.667	48.7468
11600	48.6795
11633.333	48.7732
11666.667	48.7249
11700	48.7659
11733.333	48.6854
11766.667	48.8493
11800	47.2204
11833.333	47.2102
11866.667	47.0346
11900	47.1356
11933.333	47.1809
11966.667	47.2278
12000	47.2117
12033.333	47.2599
12066.667	47.2234
12100	47.2175
12133.333	46.7185
12166.667	47.3668
12200	47.3858
12233.333	47.3287
12266.667	47.3829
12300	47.3653
12333.333	47.3873
12366.667	47.336
12400	47.3829
12433.333	47.3653
12466.667	46.1858
12500	46.174
12533.333	46.256
12566.667	45.8975
12600	46.256
12633.333	46.1726
12666.667	46.3102
12700	46.2545
12733.333	46.3497
12766.667	46.3102
12800	46.3292
12833.333	46.3116
12866.667	46.6614
12900	46.6585
12933.333	46.8809
12966.667	46.8838
13000	46.9263
13033.333	46.916
13066.667	46.8809
13100	46.8794
13133.333	47.5102
13166.667	47.6229
13200	47.6156
13233.333	47.7312
13266.667	47.6931
13300	47.7122
13333.333	47.6492
13366.667	47.677
13400	47.6463
13433.333	47.6302
13466.667	45.6867
13500	45.7379
13533.333	45.4233
13566.667	45.7174
13600	45.6999
13633.333	45.814
13666.667	45.675
13700	45.7292
13733.333	45.6662
13766.667	45.7365
13800	45.7248
13833.333	46.3863
13866.667	46.3819
13900	46.4638
13933.333	46.3833
13966.667	46.4463
14000	46.357
14033.333	46.4521
14066.667	46.3804
14100	46.8429
14133.333	45.3955
14166.667	45.3882
14200	45.4248
14233.333	45.3428
14266.667	45.5009
14300	45.4657
14333.333	45.6004
14366.667	45.5009
14400	45.555
14433.333	45.6179
14466.667	45.2199
14500	45.2447
14533.333	45.5579
14566.667	45.5535
14600	45.5433
14633.333	45.5594
14666.667	45.5169
14700	45.5257
14733.333	45.5184
14766.667	45.2667
14800	45.2667
14833.333	45.1862
14866.667	44.8335
14900	45.3706
14933.333	45.476
14966.667	45.4862
15000	45.6223
15033.333	45.5799
15066.667	45.5901
15100	45.1628
15133.333	45.3926
15166.667	45.3647
15200	45.4687
15233.333	45.3926
15266.667	45.4379
15300	45.4526
15333.333	45.4862
15366.667	45.4467
15400	45.4408
15433.333	46.1272
15466.667	46.0877
15500	45.8975
15533.333	46.0643
15566.667	46.2033
15600	46.3321
15633.333	46.3892
15666.667	46.3175
15700	46.3394
15733.333	46.3321
15766.667	45.937
15800	46.2794
15833.333	46.2984
15866.667	46.3482
15900	46.357
15933.333	46.3716
15966.667	46.3702
16000	46.3526
16033.333	46.3965
16066.667	46.4053
16100	45.757
16133.333	45.6443
16166.667	46.0262
16200	46.0043
16233.333	45.9648
16266.667	45.9692
16300	46.0248
16333.333	46.0379
16366.667	46.0599
16400	46.1287
16433.334	42.871
16466.666	42.8329
16500	42.8359
16533.334	42.6207
16566.666	42.8856
16600	42.83
16633.334	42.8388
16666.666	42.7627
16700	42.9017
16733.334	42.8798
16766.666	44.412
16800	44.3096
16833.334	45.4321
16866.666	45.4511
16900	45.416
16933.334	45.4496
16966.666	45.5316
17000	45.5887
17033.334	45.5931
17066.666	45.5931
17100	44.5745
17133.334	44.936
17166.666	44.936
17200	45.0647
17233.334	44.9052
17266.666	45.0281
17300	45.0911
17333.334	45.1291
17366.666	45.053
17400	45.0589
17433.334	45.2725
17466.666	45.3545
17500	44.9828
17533.334	45.3955
17566.666	45.4979
17600	45.3867
17633.334	45.4716
17666.666	45.3794
17700	45.3808
17733.334	47.7458
17766.666	48.5024
17800	48.6093
17833.334	48.5595
17866.666	48.561
17900	48.6444
17933.334	48.6473
17966.666	48.6824
18000	48.6927
18033.334	48.6854
18066.666	46.5736
18100	46.5824
18133.334	46.5721
18166.666	46.3584
18200	46.5882
18233.334	46.777
18266.666	46.8341
18300	46.8033
18333.334	46.8151
18366.666	46.7872
18400	45.5652
18433.334	45.6721
18466.666	46.0116
18500	45.9355
18533.334	46.0379
18566.666	46.0453
18600	46.035
18633.334	45.9545
18666.666	46.0233
18700	46.0833
18733.334	46.3599
18766.666	46.3248
18800	46.2355
18833.334	46.3189
18866.666	46.2955
18900	46.2677
18933.334	46.1989
18966.666	46.2121
19000	46.2458
19033.334	46.2472
19066.666	45.4789
19100	45.5945
19133.334	45.3047
19166.666	45.5857
19200	45.6106
19233.334	45.6779
19266.666	45.5301
19300	45.555
19333.334	45.574
19366.666	45.5345
19400	44.5233
19433.334	44.7867
19466.666	44.8057
19500	44.7867
19533.334	44.8935
19566.666	44.8847
19600	44.8803
19633.334	44.8013
19666.666	44.8555
19700	45.3677
19733.334	44.8525
19766.666	44.8613
19800	44.8438
19833.334	44.933
19866.666	44.8642
19900	44.9608
19933.334	44.8203
19966.666	44.8979
20000	44.8467
20033.334	154.8692
20066.666	244.3137
20100	300.9238
20133.334	333.6793
20166.666	360.5003
20200	386.3145
20233.334	386.2238
20266.666	387.14
20300	386.8589
20333.334	360.1989
20366.666	333.1378
20400	300.9341
20433.334	251.4101
20466.666	198.2714
20500	147.1566
20533.334	113.6372
20566.666	87.1176
20600	73.6581
20633.334	64.9987
20666.666	60.2
20700	51.2084
20733.334	51.2055
20766.666	50.6333
20800	49.8664
20833.334	49.8518
20866.666	49.18
20900	48.9986
20933.334	49.0483
20966.666	49.0454
21000	48.5024
21033.334	45.1145
21066.666	45.495
21100	45.6194
21133.334	45.5887
21166.666	45.3443
21200	45.5331
21233.334	45.4789
21266.666	45.5448
21300	45.4774
21333.334	45.5565
21366.666	48.0327
21400	48.1058
21433.334	47.9244
21466.666	48.1351
21500	48.1395
21533.334	48.2229
21566.666	48.2141
21600	48.9634
21633.334	49.0542
21666.666	48.8917
21700	49.7054
21733.334	49.6088
21766.666	49.9937
21800	50.0669
21833.334	50.0274
21866.666	49.9469
21900	50.1166
21933.334	50.0888
21966.666	50.1342
22000	50.0976
22033.334	49.7332
22066.666	49.7288
22100	49.7727
22133.334	49.5605
22166.666	49.8518
22200	49.8342
22233.334	49.8693
22266.666	49.7025
22300	49.8152
22333.334	49.7961
22366.666	51.2596
22400	51.204
22433.334	51.4426
22466.666	51.365
22500	51.4308
22533.334	51.2918
22566.666	51.5172
22600	51.5904
22633.334	51.6679
22666.666	51.6679
22700	50.9523
22733.334	51.1074
22766.666	51.0664
22800	51.1616
22833.334	51.0503
22866.666	51.2274
22900	51.0869
22933.334	51.2055
22966.666	51.2201
23000	51.2406
23033.334	51.8889
23066.666	52.0221
23100	51.6928
23133.334	51.9299
23166.666	51.8962
23200	51.9636
23233.334	51.8187
23266.666	51.9416
23300	51.8201
23333.334	51.8201
23366.666	49.8825
23400	50.1137
23433.334	50.3303
23466.666	50.3113
23500	50.4211
23533.334	50.5659
23566.666	50.6611
23600	50.6406
23633.334	50.6815
23666.666	50.702
23700	50.4854
23733.334	50.5191
23766.666	50.1752
23800	50.4357
23833.334	50.484
23866.666	50.7108
23900	50.5776
23933.334	50.9655
23966.666	50.9962
24000	50.301
24033.334	50.2732
24066.666	50.6713
24100	50.7972
24133.334	50.7942
24166.666	50.5615
24200	50.6757
24233.334	50.6684
24266.666	50.7181
24300	50.6054
24333.334	48.719
24366.666	49.243
24400	49.2181
24433.334	48.9634
24466.666	49.2532
24500	49.3834
24533.334	49.4508
24566.666	49.5093
24600	49.0747
24633.334	49.0717
24666.666	50.1313
24700	50.0874
24733.334	49.8049
24766.666	50.222
24800	50.2557
24833.334	50.304
24866.666	50.1445
24900	50.2249
24933.334	50.184
24966.666	50.1884
25000	49.1844
25033.334	49.5342
25066.666	49.5064
25100	49.5386
25133.334	49.5386
25166.666	49.5386
25200	49.5078
25233.334	49.5078
25266.666	49.4742
25300	49.4552
25333.334	49.7596
25366.666	49.7625
25400	49.5971
25433.334	50.0171
25466.666	49.9864
25500	50.064
25533.334	50.023
25566.666	50.0596
25600	50.0932
25633.334	50.0947
25666.666	48.1819
25700	48.3297
25733.334	48.7381
25766.666	48.7395
25800	48.7351
25833.334	48.5522
25866.666	48.5902
25900	48.6224
25933.334	48.6195
25966.666	48.618
26000	46.4067
26033.334	46.4448
26066.666	46.4711
26100	46.3467
26133.334	46.4755
26166.666	46.4975
26200	46.6204
26233.334	46.6307
26266.666	46.6424
26300	46.6336
26333.334	47.5658
26366.666	47.519
26400	48.1029
26433.334	48.2141
26466.666	48.2566
26500	48.1117
26533.334	48.2712
26566.666	48.2683
26600	48.2858
26633.334	46.7258
26666.666	47.0477
26700	46.9907
26733.334	47.0829
26766.666	47.0916
26800	47.1312
26833.334	47.0916
26866.666	47.1341
26900	47.1356
26933.334	47.099
26966.666	46.9907
27000	47.0419
27033.334	46.8487
27066.666	47.0375
27100	47.0097
27133.334	47.0712
27166.666	47.0346
27200	47.0931
27233.334	47.0975
27266.666	47.0916
27300	46.4565
27333.334	47.3668
27366.666	47.4268
27400	47.4692
27433.334	47.4604
27466.666	47.4487
27500	47.4297
27533.334	47.4443
27566.666	47.437
27600	47.4356
27633.334	46.5048
27666.666	46.6746
27700	46.7404
27733.334	46.3204
27766.666	46.7726
27800	46.7492
27833.334	46.8004
27866.666	46.7258
27900	46.7814
27933.334	46.8048
27966.666	45.0647
28000	45.053
28033.334	45.3121
28066.666	45.3413
28100	45.4145
28133.334	45.4291
28166.666	45.4028
28200	45.4423
28233.334	45.3882
28266.666	45.3647
28300	46.657
28333.334	46.7521
28366.666	46.7316
28400	46.556
28433.334	46.5326
28466.666	46.515
28500	46.5385
28533.334	46.5677
28566.666	46.6336
28600	46.6336
28633.334	44.873
28666.666	44.9023
28700	44.6272
28733.334	44.8701
28766.666	44.9403
28800	44.9199
28833.334	44.9199
28866.666	45.0223
28900	45.0033
28933.334	44.9945
28966.666	47.7546
29000	48.318
29033.334	48.1907
29066.666	47.1502
29100	45.9882
29133.334	45.1467
29166.666	45.1262
29200	45.5477
29233.334	45.7804
29266.666	45.8316
29300	45.6618
29333.334	45.5462
29366.666	45.5682
29400	45.2989
29433.334	45.514
29466.666	45.6179
29500	45.6882
29533.334	45.7028
29566.666	45.7262
29600	45.5609
29633.334	43.8369
29666.666	44.0945
29700	44.2379
29733.334	44.2232
29766.666	44.1662
29800	44.1881
29833.334	44.2569
29866.666	44.2247
29900	44.2393
29933.334	158.0054
29966.666	248.4056
30000	308.4944
30033.334	335.5174
30066.666	344.8514
30100	366.3045
30133.334	378.9533
30166.666	380.8602
30200	380.7856
30233.334	371.9008
30266.666	331.3436
30300	294.3235
30333.334	234.2538
30366.666	182.4234
30400	146.883
30433.334	111.6425
30466.666	91.8842
30500	84.0736
30533.334	66.1373
30566.666	62.0337
30600	51.2216
30633.334	49.1844
30666.666	49.2693
30700	48.9181
30733.334	48.7717
30766.666	48.7542
30800	48.4249
30833.334	48.3722
30866.666	48.6298
30900	48.28
30933.334	46.5868
30966.666	46.5428
31000	46.5838
31033.334	47.1224
31066.666	46.4989
31100	46.5941
31133.334	46.518
31166.666	46.8765
31200	46.9775
31233.334	46.9453
31266.666	45.7994
31300	45.8623
31333.334	46.1038
31366.666	47.0229
31400	47.1341
31433.334	46.5897
31466.666	46.6921
31500	46.6716
31533.334	46.6087
31566.666	46.6292
31600	51.8172
31633.334	50.6903
31666.666	50.3186
31700	49.9425
31733.334	50.3157
31766.666	50.2747
31800	50.5689
31833.334	50.4737
31866.666	50.7123
31900	50.6918
31933.334	47.5483
31966.666	47.6419
32000	47.9244
32033.334	48.0166
32066.666	47.9931
32100	47.9639
32133.334	48.6327
32166.666	48.7395
32200	48.6737
32233.334	48.6781
32266.666	46.256
32300	46.2575
32333.334	57.7896
32366.666	56.8676
32400	47.1195
32433.334	47.0726
32466.666	47.0916
32500	46.9072
32533.334	46.998
32566.666	47.7809
32600	47.6404
32633.334	47.0565
32666.666	46.6424
32700	46.4448
32733.334	47.6946
32766.666	47.4443
32800	58.9809
32833.332	51.0825
32866.668	44.9638
32900	48.8068
32933.332	49.2195
32966.668	48.8332
33000	50.4284
33033.332	52.2226
33066.668	48.8259
33100	48.8888
33133.332	48.8303
33166.668	47.7619
33200	47.7868
33233.332	47.8951
33266.668	47.8951
33300	47.8029
33333.332	47.5863
33366.668	47.8336
33400	47.8688
33433.332	47.3317
33466.668	47.3126
33500	47.6814
33533.332	47.7663
33566.668	47.4487
33600	47.377
33633.332	47.5614
33666.668	47.5439
33700	47.5687
33733.332	47.5965
33766.668	47.6097
33800	47.6244
33833.332	47.579
33866.668	47.5687
33900	45.817
33933.332	45.795
33966.668	45.8696
34000	45.5682
34033.332	46.1814
34066.668	46.1638
34100	46.2019
34133.332	46.2062
34166.668	46.2136
34200	46.2077
34233.332	46.5224
34266.668	46.5531
34300	46.3614
34333.332	46.5136
34366.668	46.5121
34400	46.5546
34433.332	46.8677
34466.668	46.9292
34500	46.6102
34533.332	46.6102
34566.668	43.9057
34600	44.2349
34633.332	45.1013
34666.668	44.7589
34700	44.2847
34733.332	44.3506
34766.668	44.412
34800	44.3476
34833.332	44.3506
34866.668	44.3462
34900	43.8032
34933.332	44.1149
34966.668	43.9101
35000	45.0399
35033.332	44.9316
35066.668	44.933
35100	44.9711
35133.332	44.9784
35166.668	45.0077
35200	45.5711
35233.332	45.4233
35266.668	45.6194
35300	45.615
35333.332	45.5931
35366.668	45.5652
35400	45.6662
35433.332	45.6194
35466.668	45.6574
35500	45.6106
35533.332	45.5096
35566.668	45.4774
35600	45.6428
35633.332	45.1935
35666.668	49.6893
35700	46.5414
35733.332	47.5512
35766.668	47.3346
35800	46.0321
35833.332	45.8521
35866.668	44.2818
35900	44.2379
35933.332	47.3682
35966.668	53.3085
36000	45.0267
36033.332	45.0413
36066.668	44.914
36100	44.7208
36133.332	52.1011
36166.668	51.2904
36200	45.0208
36233.332	51.9518
36266.668	51.7148
36300	43.8954
36333.332	44.0549
36366.668	43.9174
36400	44.3725
36433.332	44.7047
36466.668	48.2917
36500	47.5761
36533.332	47.6844
36566.668	47.7473
36600	47.2497
36633.332	47.7663
36666.668	47.7019
36700	47.8044
36733.332	47.6565
36766.668	44.8569
36800	44.7135
36833.332	47.5322
36866.668	45.7174
36900	47.5336
36933.332	46.4565
36966.668	46.7448
37000	49.1039
37033.332	68.2257
37066.668	49.5854
37100	49.5356
37133.332	49.6791
37166.668	46.0965
37200	43.8749
37233.332	50.9069
37266.668	47.4604
37300	47.5278
37333.332	49.0951
37366.668	42.7334
37400	42.7964
37433.332	42.9178
37466.668	42.8651
37500	43.1286
37533.332	57.7223
37566.668	55.0983
37600	54.8759
37633.332	51.0869
37666.668	45.0472
37700	45.1804
37733.332	46.7946
37766.668	47.317
37800	47.4443
37833.332	51.3679
37866.668	45.7877
37900	46.0701
37933.332	46.4228
37966.668	45.8448
38000	45.8945
38033.332	46.1067
38066.668	46.0862
38100	46.2311
38133.332	56.3949
38166.668	48.2624
38200	46.5999
38233.332	46.518
38266.668	46.1228
38300	46.5077
38333.332	46.458
38366.668	46.5194
38400	46.5355
38433.332	46.4799
38466.668	46.5458
38500	46.5443
38533.332	43.4476
38566.668	43.8091
38600	44.7208
38633.332	48.7044
38666.668	48.5171
38700	44.9681
38733.332	44.4354
38766.668	44.5584
38800	44.4208
38833.332	44.775
38866.668	44.0842
38900	44.0725
38933.332	43.8281
38966.668	43.5588
39000	44.153
39033.332	44.2554
39066.668	43.9013
39100	44.0023
39133.332	44.093
39166.668	45.6428
39200	45.5726
39233.332	46.1272
39266.668	46.1301
39300	46.2384
39333.332	46.0628
39366.668	46.4111
39400	46.3248
39433.332	46.256
39466.668	46.1858
39500	47.2907
39533.332	47.1985
39566.668	46.9658
39600	46.6292
39633.332	46.8838
39666.668	46.8926
39700	47.5775
39733.332	47.4443
39766.668	47.8673
39800	47.8483
39833.332	166.0398
39866.668	251.9106
39900	299.8101
39933.332	333.0236
39966.668	354.2747
40000	361.7545
40033.332	390.2059
40066.668	391.0064
40100	382.1202
40133.332	358.1778
40166.668	332.7529
40200	287.075
40233.332	235.8417
40266.668	190.4506
40300	151.6027
40333.332	114.7568
40366.668	85.3717
40400	68.4598
40433.332	58.7131
40466.668	55.9179
40500	50.0084
40533.332	49.7405
40566.668	49.6937
40600	49.5547
40633.332	49.3571
40666.668	49.5561
40700	49.3088
40733.332	49.3673
40766.668	49.0234
40800	49.101
40833.332	44.7194
40866.668	45.4438
40900	45.5243
40933.332	45.6911
40966.668	45.7921
41000	45.3911
41033.332	45.3106
41066.668	45.3091
41100	45.3062
41133.332	45.4277
41166.668	49.7669
41200	49.7566
41233.332	48.4263
41266.668	48.1571
41300	48.4351
41333.332	48.5727
41366.668	49.66
41400	49.6761
41433.332	49.8137
41466.668	49.884
41500	48.3751
41533.332	48.1966
41566.668	48.4702
41600	48.5712
41633.332	48.5273
41666.668	48.4805
41700	49.0147
41733.332	48.7805
41766.668	48.8434
41800	45.0457
41833.332	45.5243
41866.668	46.9673
41900	47.1912
41933.332	47.1985
41966.668	47.336
42000	46.8414
42033.332	46.818
42066.668	46.7287
42100	46.7419
42133.332	48.2346
42166.668	48.1878
42200	47.7766
42233.332	48.198
42266.668	48.2273
42300	48.3693
42333.332	50.9523
42366.668	52.4758
42400	51.5099
42433.332	50.1576
42466.668	47.1882
42500	47.3756
42533.332	47.3595
42566.668	47.7707
42600	47.7619
42633.332	47.7575
42666.668	47.7956
42700	47.819
42733.332	47.838
42766.668	47.8131
42800	47.9756
42833.332	47.8556
42866.668	48.2624
42900	48.2346
42933.332	48.2712
42966.668	48.1527
43000	48.2932
43033.332	48.3049
43066.668	48.4351
43100	48.8054
43133.332	51.0079
43166.668	50.9757
43200	51.1045
43233.332	50.7459
43266.668	51.0079
43300	51.1323
43333.332	51.0284
43366.668	51.4645
43400	51.4001
43433.332	46.2589
43466.668	45.3999
43500	50.1474
43533.332	51.4748
43566.668	51.5465
43600	51.9343
43633.332	50.424
43666.668	45.4657
43700	45.8287
43733.332	46.0862
43766.668	46.1199
43800	51.6562
43833.332	51.9431
43866.668	49.9205
43900	49.7464
43933.332	49.7318
43966.668	49.7449
44000	49.7244
44033.332	50.2703
44066.668	50.2893
44100	50.3113
44133.332	49.3088
44166.668	49.3454
44200	48.8815
44233.332	49.3088
44266.668	49.262
44300	49.2883
44333.332	49.2854
44366.668	49.3878
44400	49.4156
44433.332	49.4171
44466.668	48.1936
44500	49.4127
44533.332	49.54
44566.668	49.5166
44600	49.6264
44633.332	49.6966
44666.668	49.7332
44700	49.6381
44733.332	49.6703
44766.668	49.742
44800	54.9768
44833.332	54.9476
44866.668	54.9856
44900	54.7295
44933.332	54.7383
44966.668	54.5846
45000	54.3168
45033.332	54.4676
45066.668	54.4441
45100	49.079
45133.332	49.06
45166.668	49.5342
45200	49.543
45233.332	49.5635
45266.668	49.5722
45300	49.5122
45333.332	49.4317
45366.668	49.4727
45400	49.4478
45433.332	54.7763
45466.668	54.7983
45500	51.4967
45533.332	51.4528
45566.668	50.7298
45600	50.2103
45633.332	55.0881
45666.668	56.2223
45700	49.8342
45733.332	52.306
45766.668	55.2417
45800	45.3662
45833.332	45.656
45866.668	51.3943
45900	51.4147
45933.332	51.4982
45966.668	59.6687
46000	52.2109
46033.332	47.6492
46066.668	49.1756
46100	47.9156
46133.332	48.0517
46166.668	68.1554
46200	67.6681
46233.332	50.0976
46266.668	50.2762
46300	50.0625
46333.332	50.1591
46366.668	50.0698
46400	50.7035
46433.332	53.4402
46466.668	53.5661
46500	53.5251
46533.332	48.1292
46566.668	49.0995
46600	50.3113
46633.332	50.7152
46666.668	51.504
46700	51.9153
46733.332	51.9284
46766.668	50.7855
46800	50.8381
46833.332	51.1264
46866.668	51.1835
46900	51.3035
46933.332	51.2962
46966.668	47.1399
47000	47.358
47033.332	47.98
47066.668	47.9566
47100	50.0815
47133.332	52.849
47166.668	52.6148
47200	51.523
47233.332	51.1894
47266.668	49.7215
47300	49.6879
47333.332	49.6059
47366.668	49.6439
47400	49.7625
47433.332	49.0366
47466.668	48.962
47500	48.6459
47533.332	48.8551
47566.668	48.8361
47600	48.9195
47633.332	49.2356
47666.668	49.2825
47700	49.2722
47733.332	49.2752
47766.668	48.3107
47800	48.6766
47833.332	48.7263
47866.668	48.7864
47900	48.6459
47933.332	48.6751
47966.668	48.659
48000	57.2233
48033.332	57.314
48066.668	50.5308
48100	51.8406
48133.332	51.3591
48166.668	49.0366
48200	51.5333
48233.332	52.6177
48266.668	51.6811
48300	51.8231
48333.332	51.9592
48366.668	51.924
48400	50.0259
48433.332	50.0347
48466.668	50.4123
48500	50.3918
48533.332	50.3918
48566.668	50.424
48600	50.4415
48633.332	50.424
48666.668	50.4006
48700	47.6463
48733.332	50.4371
48766.668	50.4474
48800	50.4972
48833.332	50.3128
48866.668	50.4606
48900	45.915
48933.332	48.0839
48966.668	48.9034
49000	49.06
49033.332	49.843
49066.668	53.408
49100	53.2719
49133.332	52.0909
49166.668	52.0543
49200	52.0938
49233.332	51.9387
49266.668	52.3075
49300	52.3938
49333.332	52.3309
49366.668	52.287
49400	50.3347
49433.332	50.6581
49466.668	50.6113
49500	50.5879
49533.332	50.5015
49566.668	50.5557
49600	50.6011
49633.332	50.5323
49666.668	50.5864
49700	50.5791
49733.332	163.208
49766.668	246.0201
49800	291.3717
49833.332	337.897
49866.668	360.5179
49900	365.8771
49933.332	370.5866
49966.668	373.6204
50000	373.1447
50033.332	346.3485
50066.668	324.7448
50100	271.1085
50133.332	228.0296
50166.668	186.4377
50200	131.8048
50233.332	100.8714
50266.668	74.2083
50300	60.2644
50333.332	56.992
50366.668	56.0232
50400	49.2956
50433.332	49.0761
50466.668	48.962
50500	49.221
50533.332	49.4376
50566.668	49.8371
50600	49.4976
50633.332	49.5459
50666.668	49.7552
50700	47.9214
50733.332	47.9668
50766.668	48.1541
50800	48.22
50833.332	48.2522
50866.668	48.2317
50900	48.2449
50933.332	48.1263
50966.668	48.1058
51000	48.258
51033.332	49.1537
51066.668	49.1376
51100	49.1859
51133.332	48.8873
51166.668	49.7303
51200	49.701
51233.332	49.663
51266.668	49.6527
51300	49.6439
51333.332	49.6381
51366.668	49.3791
51400	49.5664
51433.332	49.2298
51466.668	49.6761
51500	49.7332
51533.332	49.7918
51566.668	49.7654
51600	49.8459
51633.332	49.7654
51666.668	49.7669
51700	51.6431
51733.332	52.0294
51766.668	52.006
51800	52.0616
51833.332	51.9431
51866.668	52.0396
51900	52.0104
51933.332	52.2548
51966.668	52.1509
52000	52.1421
52033.332	53.2587
52066.668	53.3451
52100	53.2338
52133.332	53.7446
52166.668	53.8968
52200	53.8353
52233.332	53.8748
52266.668	53.8485
52300	53.8851
52333.332	53.8456
52366.668	56.6276
52400	56.6159
52433.332	56.8457
52466.668	56.7989
52500	56.8223
52533.332	56.7769
52566.668	56.8311
52600	56.7857
52633.332	56.815
52666.668	56.7359
52700	54.7105
52733.332	54.7281
52766.668	54.6827
52800	54.5583
52833.332	54.8334
52866.668	54.791
52900	55.2476
52933.332	55.0851
52966.668	55.1993
53000	55.2169
53033.332	52.1216
53066.668	52.1187
53100	52.4172
53133.332	52.4114
53166.668	52.5665
53200	52.805
53233.332	52.8577
53266.668	53.8734
53300	53.6846
53333.332	53.1402
53366.668	53.0758
53400	52.7158
53433.332	53.0948
53466.668	53.0158
53500	53.1168
53533.332	53.2909
53566.668	53.3919
53600	53.3041
53633.332	53.3041
53666.668	53.3919
53700	53.9319
53733.332	54.068
53766.668	54.2949
53800	54.1968
53833.332	54.2114
53866.668	54.1822
53900	54.2129
53933.332	54.2188
53966.668	54.5027
54000	49.0571
54033.332	49.461
54066.668	54.4749
54100	52.3075
54133.332	52.306
54166.668	52.2562
54200	52.1289
54233.332	51.9636
54266.668	52.1158
54300	52.044
54333.332	52.4172
54366.668	52.3689
54400	52.4494
54433.332	52.4758
54466.668	52.5724
54500	52.4714
54533.332	52.6968
54566.668	52.6631
54600	52.6485
54633.332	52.5826
54666.668	53.4665
54700	53.5222
54733.332	53.5397
54766.668	53.2865
54800	53.4695
54833.332	53.43
54866.668	53.4548
54900	53.509
54933.332	53.4636
54966.668	53.4636
55000	50.0171
55033.332	50.1737
55066.668	50.1679
55100	50.1913
55133.332	50.0976
55166.668	50.143
55200	50.1957
55233.332	50.2132
55266.668	50.2791
55300	49.0966
55333.332	51.3167
55366.668	51.9123
55400	51.5523
55433.332	51.9518
55466.668	52.0499
55500	52.0865
55533.332	50.9201
55566.668	51.0474
55600	51.0386
55633.332	51.0342
55666.668	50.9274
55700	51.2874
55733.332	49.3073
55766.668	49.5547
55800	49.7654
55833.332	49.7727
55866.668	49.8035
55900	52.7319
55933.332	51.403
55966.668	51.365
56000	50.604
56033.332	50.4693
56066.668	50.4298
56100	50.3713
56133.332	50.7342
56166.668	50.7196
56200	50.7211
56233.332	50.6757
56266.668	50.5425
56300	50.6157
56333.332	50.1401
56366.668	50.1884
56400	50.5323
56433.332	50.5206
56466.668	50.5176
56500	50.4328
56533.332	50.4328
56566.668	50.3786
56600	50.443
56633.332	50.4869
56666.668	48.3751
56700	48.3795
56733.332	48.618
56766.668	48.3868
56800	48.6854
56833.332	48.6678
56866.668	48.6634
56900	48.7088
56933.332	48.6737
56966.668	49.4274
57000	49.3776
57033.332	49.1127
57066.668	49.4098
57100	49.3571
57133.332	49.4639
57166.668	49.2825
57200	49.4449
57233.332	49.4113
57266.668	49.4391
57300	48.6663
57333.332	49.1332
57366.668	49.0834
57400	49.1873
57433.332	49.1127
57466.668	49.161
57500	49.0205
57533.332	49.0644
57566.668	49.1127
57600	54.5041
57633.332	54.0241
57666.668	53.5148
57700	52.8387
57733.332	53.3699
57766.668	53.247
57800	53.2587
57833.332	53.1856
57866.668	53.1431
57900	53.1929
57933.332	53.1607
57966.668	47.4648
58000	47.2702
58033.332	55.451
58066.668	54.1075
58100	52.8138
58133.332	52.685
58166.668	52.7816
58200	49.0732
58233.332	49.1873
58266.668	49.4874
58300	49.3717
58333.332	49.4947
58366.668	49.5122
58400	48.1966
58433.332	49.5327
58466.668	49.6791
58500	49.7288
58533.332	49.802
58566.668	49.9015
58600	49.8005
58633.332	48.2785
58666.668	48.2844
58700	48.7439
58733.332	48.8727
58766.668	48.8844
58800	48.8551
58833.332	48.8917
58866.668	48.9137
58900	48.962
58933.332	48.9678
58966.668	49.0293
59000	49.2151
59033.332	49.2956
59066.668	49.2605
59100	49.2766
59133.332	49.2005
59166.668	49.2166
59200	49.1478
59233.332	49.2166
59266.668	49.1932
59300	156.2594
59333.332	254.1951
59366.668	303.9956
59400	333.8607
59433.332	363.136
59466.668	370.3832
59500	376.1946
59533.332	376.6776
59566.668	377.1708
59600	327.8854
59633.332	292.2513
59666.668	228.896
59700	178.7077
59733.332	140.8169
59766.668	104.0939
59800	89.4636
59833.332	74.6562
59866.668	60.8073
59900	58.5214
59933.332	50.6347
59966.668	50.443
60000	49.8693
60033.332	49.701
60066.668	49.7157
60100	49.78
60133.332	49.9586
60166.668	49.6527
60200	49.7157
60233.332	51.605
60266.668	50.4532
60300	50.4664
60333.332	50.5396
60366.668	50.5996
60400	50.6098
60433.332	50.6069
60466.668	50.6728
60500	50.6581
60533.332	50.5791
60566.668	50.6903
60600	50.5323
60633.332	50.7825
60666.668	50.7928
60700	50.8294
60733.332	59.919
60766.668	60.2966
60800	56.6906
60833.332	49.4288
60866.668	50.001
60900	50.7898
60933.332	56.755
60966.668	56.9672
61000	56.5062
61033.332	56.6833
61066.668	56.0262
61100	56.0715
61133.332	55.9691
61166.668	56.092
61200	56.0188
61233.332	56.0232
61266.668	51.9299
61300	52.1816
61333.332	52.1582
61366.668	52.164
61400	52.2138
61433.332	52.2855
61466.668	52.2636
61500	52.3162
61533.332	52.2811
61566.668	52.6953
61600	52.8724
61633.332	52.8621
61666.668	52.9499
61700	52.8724
61733.332	52.9104
61766.668	52.9338
61800	53.0041
61833.332	52.9894
61866.668	52.8914
61900	52.8782
61933.332	56.9174
61966.668	56.373
62000	54.7705
62033.332	54.3036
62066.668	54.3051
62100	55.3734
62133.332	55.7818
62166.668	55.8081
62200	55.8652
62233.332	55.912
62266.668	50.405
62300	50.9259
62333.332	50.882
62366.668	50.9186
62400	51.2713
62433.332	50.9962
62466.668	51.5069
62500	73.2439
62533.332	73.0493
62566.668	49.502
62600	62.6674
62633.332	47.8863
62666.668	47.317
62700	60.2673
62733.332	48.1234
62766.668	55.0222
62800	69.133
62833.332	48.9356
62866.668	52.8797
62900	73.9727
62933.332	56.3628
62966.668	56.2413
63000	66.509
63033.332	58.558
63066.668	55.5827
63100	57.6257
63133.332	47.2043
63166.668	47.0214
63200	52.2489
63233.332	53.1504
63266.668	53.1241
63300	92.9671
63333.332	55.4408
63366.668	53.8807
63400	58.5565
63433.332	48.1878
63466.668	50.0025
63500	52.347
63533.332	53.1738
63566.668	55.5081
63600	57.936
63633.332	56.935
63666.668	56.171
63700	55.732
63733.332	52.8724
63766.668	55.0266
63800	58.5345
63833.332	56.4725
63866.668	56.5793
63900	83.0024
63933.332	51.8084
63966.668	49.6396
64000	68.7379
64033.332	66.9612
64066.668	49.5561
64100	53.6143
64133.332	53.4095
64166.668	51.7733
64200	53.3348
64233.332	51.7411
64266.668	48.3502
64300	66.1768
64333.332	65.9529
64366.668	49.9835
64400	48.4498
64433.332	51.1382
64466.668	50.2864
64500	50.7357
64533.332	51.0855
64566.668	48.782
64600	50.904
64633.332	51.0503
64666.668	49.0937
64700	47.8219
64733.332	63.6113
64766.668	52.628
64800	52.2782
64833.332	54.4456
64866.668	51.5655
64900	49.4025
64933.332	49.1244
64966.668	48.7673
65000	48.899
65033.332	57.4882
65066.668	51.4821
65100	51.2596
65133.332	51.0313
65166.668	51.144
65200	51.1352
65233.332	47.7327
65266.668	56.9072
65300	65.6558
65333.332	49.2137
65366.668	49.3864
65400	52.0543
65433.332	49.1932
65466.668	48.9371
65500	56.3715
65533.332	53.7344
65566.6641	53.0582
65600	55.3369
65633.3359	51.4835
65666.6641	48.0517
65700	52.8841
65733.3359	52.7963
65766.6641	53.1987
65800	53.2485
65833.3359	53.1665
65866.6641	51.2421
65900	47.1765
65933.3359	47.9009
65966.6641	53.0436
66000	52.8021
66033.3359	52.748
66066.6641	52.6265
66100	52.5636
66133.3359	52.5724
66166.6641	52.5826
66200	50.664
66233.3359	51.1484
66266.6641	51.6387
66300	50.9333
66333.3359	51.9182
66366.6641	52.1845
66400	51.9811
66433.3359	52.3031
66466.6641	52.3587
66500	48.8522
66533.3359	53.8807
66566.6641	53.8236
66600	48.3385
66633.3359	50.4123
66666.6641	54.049
66700	53.5734
66733.3359	53.5002
66766.6641	53.4797
66800	49.8869
66833.3359	50.6201
66866.6641	57.7033
66900	55.9852
66933.3359	55.0456
66966.6641	56.6935
67000	56.3584
67033.3359	54.2232
67066.6641	54.1939
67100	54.2949
67133.3359	54.3197
67166.6641	54.3402
67200	52.6353
67233.3359	52.3572
67266.6641	51.6211
67300	52.6207
67333.3359	52.1494
67366.6641	52.1304
67400	60.9932
67433.3359	52.3016
67466.6641	50.5747
67500	55.35
67533.3359	54.1661
67566.6641	52.7172
67600	52.9002
67633.3359	52.8504
67666.6641	52.7538
67700	52.6733
67733.3359	52.7407
67766.6641	50.1284
67800	51.2508
67833.3359	53.6217
67866.6641	52.1509
67900	52.1553
67933.3359	52.3748
67966.6641	52.0133
68000	52.1626
68033.3359	51.6855
68066.6641	51.7821
68100	51.7923
68133.3359	54.1222
68166.6641	52.4143
68200	50.702
68233.3359	50.7225
68266.6641	50.1796
68300	50.301
68333.3359	54.2071
68366.6641	53.8353
68400	53.3817
68433.3359	53.7636
68466.6641	52.8036
68500	50.4811
68533.3359	50.6494
68566.6641	50.743
68600	50.8703
68633.3359	50.9318
68666.6641	50.9245
68700	50.9581
68733.3359	50.9318
68766.6641	50.8528
68800	50.8425
68833.3359	53.9758
68866.6641	53.9597
68900	53.7051
68933.3359	54.1017
68966.6641	53.7007
69000	53.5573
69033.3359	53.4958
69066.6641	53.5456
69100	53.5924
69133.3359	53.607
69166.6641	52.5285
69200	52.7041
69233.3359	52.7524
69266.6641	52.7158
69300	52.8651
69333.3359	52.8636
69366.6641	51.6372
69400	47.9946
69433.3359	48.6532
69466.6641	53.1607
69500	57.8833
69533.3359	58.3575
69566.6641	58.3911
69600	54.9973
69633.3359	53.1782
69666.6641	52.5841
69700	52.2343
69733.3359	52.2167
69766.6641	54.068
69800	54.0944
69833.3359	53.6861
69866.6641	53.667
69900	53.247
69933.3359	52.4289
69966.6641	53.386
70000	53.0363
70033.3359	52.0294
70066.6641	71.1512
70100	53.2617
70133.3359	72.8034
70166.6641	98.9893
70200	79.2325
70233.3359	53.5397
70266.6641	71.3004
70300	54.8159
70333.3359	66.872
70366.6641	78.4217
70400	66.5529
70433.3359	106.9184
70466.6641	139.469
70500	99.563
70533.3359	85.3307
70566.6641	61.6883
70600	75.1581
70633.3359	69.9862
70666.6641	54.6402
70700	75.1596
70733.3359	58.6253
70766.6641	60.2424
70800	88.0016
70833.3359	56.5764
70866.6641	54.8422
70900	72.7727
70933.3359	49.6644
70966.6641	48.82
71000	63.8645
71033.3359	50.0771
71066.6641	50.8557
71100	66.0641
71133.3359	48.7293
71166.6641	47.5
71200	58.1057
71233.3359	46.6146
71266.6641	49.8547
71300	49.4815
71333.3359	49.5254
71366.6641	49.3732
71400	74.2303
71433.3359	82.8341
71466.6641	103.5993
71500	98.4903
71533.3359	96.9771
71566.6641	94.9897
71600	56.0979
71633.3359	55.2812
71666.6641	61.8625
71700	51.8596
71733.3359	64.4397
71766.6641	64.0299
71800	55.5388
71833.3359	56.7037
71866.6641	73.399
71900	48.8537
71933.3359	49.0176
71966.6641	67.2364
72000	55.6764
72033.3359	49.4713
72066.6641	50.3757
72100	50.3391
72133.3359	47.9331
72166.6641	48.1644
72200	47.9405
72233.3359	48.0151
72266.6641	48.1395
72300	52.3382
72333.3359	48.3824
72366.6641	48.1161
72400	50.0127
72433.3359	49.6249
72466.6641	51.1645
72500	51.744
72533.3359	51.725
72566.6641	51.665
72600	51.526
72633.3359	51.6299
72666.6641	51.6211
72700	51.6387
72733.3359	51.5962
72766.6641	51.6109
72800	50.3771
72833.3359	50.3435
72866.6641	50.1825
72900	50.3523
72933.3359	50.3479
72966.6641	50.4211
73000	50.3552
73033.3359	50.9377
73066.6641	50.9567
73100	50.9172
73133.3359	48.7893
73166.6641	49.3176
73200	49.7479
73233.3359	49.78
73266.6641	49.7596
73300	49.622
73333.3359	49.5532
73366.6641	49.5693
73400	49.6161
73433.3359	49.5517
