0	26.2372
33.3333	19.7496
66.6667	1.8806
100	9.918
133.3333	0.7112
166.6667	1.4444
200	1.2542
233.3333	0.2385
266.6667	0.2049
300	0.05854
333.3333	22.2346
366.6667	3.5679
400	0.8313
433.3333	0.8225
466.6667	1.8923
500	0.5444
533.3333	1.023
566.6667	0.2825
600	0.4259
633.3333	1.9332
666.6667	22.7848
700	2.163
733.3333	3.8065
766.6667	3.7084
800	1.6742
833.3333	1.023
866.6667	1.3844
900	23.398
933.3333	1.7767
966.6667	1.5381
1000	24.2571
1033.3334	0.7493
1066.6666	5.5568
1100	2.365
1133.3334	1.5762
1166.6666	3.4889
1200	10.319
1233.3334	0.2546
1266.6666	1.0303
1300	2.4689
1333.3334	30.1944
1366.6666	0.199
1400	1.6464
1433.3334	3.7084
1466.6666	4.3626
1500	1.0727
1533.3334	0.8093
1566.6666	1.8718
1600	1.0449
1633.3334	1.2044
1666.6666	26.3645
1700	0.6103
1733.3334	4.1724
1766.6666	1.1313
1800	1.0347
1833.3334	1.6025
1866.6666	19.0178
1900	1.5454
1933.3334	1.1679
1966.6666	0.1054
2000	25.9108
2033.3334	3.5504
2066.6667	1.4254
2100	0.8869
2133.3333	1.3976
2166.6667	2.5567
2200	1.3493
2233.3333	1.1737
2266.6667	2.305
2300	0.8122
2333.3333	29.4758
2366.6667	1.1825
2400	3.4772
2433.3333	8.6725
2466.6667	2.6138
2500	2.1689
2533.3333	1.4693
2566.6667	1.1152
2600	0.01024
2633.3333	30.3554
2666.6667	3.5987
2700	1.9742
2733.3333	0.4932
2766.6667	2.1586
2800	15.2465
2833.3333	0.8561
2866.6667	0.5298
2900	0.4947
2933.3333	5.5392
2966.6667	34.6419
3000	15.3504
3033.3333	2.002
3066.6667	6.6647
3100	3.8563
3133.3333	4.907
3166.6667	9.5609
3200	1.5908
3233.3333	4.8748
3266.6667	0.8693
3300	33.4404
3333.3333	2.8186
3366.6667	6.83
3400	0.3659
3433.3333	1.5615
3466.6667	8.6711
3500	8.2818
3533.3333	0.8181
3566.6667	35.0765
3600	21.5101
3633.3333	88.2811
3666.6667	30.3071
3700	11.0902
3733.3333	10.6804
3766.6667	31.7208
3800	41.9827
3833.3333	47.2058
3866.6667	45.9823
3900	6.4129
3933.3333	11.8483
3966.6667	42.9588
4000	1.4415
4033.3333	6.0193
4066.6667	1.8703
4100	36.9527
4133.3335	13.5298
4166.6665	37.3098
4200	9.0867
4233.3335	35.299
4266.6665	9.3267
4300	39.9499
4333.3335	8.7516
4366.6665	3.0294
4400	1.2674
4433.3335	1.3215
4466.6665	1.7079
4500	0.3951
4533.3335	0.862
4566.6665	0.01171
4600	37.5981
4633.3335	1.2147
4666.6665	3.2006
4700	12.3546
4733.3335	0.66
4766.6665	0.7098
4800	0.622
4833.3335	0.8313
4866.6665	1.3947
4900	0.8152
4933.3335	34.6243
4966.6665	2.2713
5000	4.225
5033.3335	1.1693
5066.6665	0.09805
5100	32.4057
5133.3335	26.5664
5166.6665	29.129
5200	18.5042
5233.3335	8.9126
5266.6665	39.1977
5300	27.8909
5333.3335	3.3089
5366.6665	5.1178
5400	5.6593
5433.3335	1.0288
5466.6665	24.759
5500	4.5616
5533.3335	20.8091
5566.6665	4.3085
5600	36.1376
5633.3335	0.6103
5666.6665	18.873
5700	31.6505
5733.3335	5.6534
5766.6665	2.1118
5800	49.2195
5833.3335	16.0909
5866.6665	4.1636
5900	1.3201
5933.3335	37.8776
5966.6665	4.8778
6000	1.5747
6033.3335	2.384
6066.6665	3.3206
6100	2.5172
6133.3335	0.4668
6166.6665	0.9878
6200	0.03512
6233.3335	34.9887
6266.6665	0.5269
6300	9.1423
6333.3335	3.2738
6366.6665	2.8845
6400	3.9426
6433.3335	1.4503
6466.6665	1.1898
6500	1.1503
6533.3335	2.826
6566.6665	36.5649
6600	12.3342
6633.3335	0.9249
6666.6665	0.5283
6700	0.1873
6733.3335	0.3922
6766.6665	0.2956
6800	0.1142
6833.3335	0.2473
6866.6665	0.1581
6900	33.3145
6933.3335	0.5342
6966.6665	0.6322
7000	3.2884
7033.3335	2.8728
7066.6665	0.6864
7100	0.199
7133.3335	30.1373
7166.6665	3.4523
7200	0.4742
7233.3335	30.7373
7266.6665	0.6483
7300	1.1225
7333.3335	2.5669
7366.6665	2.4952
7400	0.6659
7433.3335	11.8688
7466.6665	0.6571
7500	0.6791
7533.3335	0
7566.6665	31.3739
7600	3.3675
7633.3335	0.5415
7666.6665	1.1444
7700	0.7347
7733.3335	0.3542
7766.6665	0.2766
7800	0.6381
7833.3335	0.3629
7866.6665	0.03366
7900	32.9721
7933.3335	0.663
7966.6665	3.1743
8000	3.6001
8033.3335	0.3878
8066.6665	0.7815
8100	1.6508
8133.3335	1.2996
8166.6665	0.5239
8200	0.001463
8233.333	30.3129
8266.667	4.0406
8300	1.5513
8333.333	0.5034
8366.667	4.0889
8400	12.3459
8433.333	0.9761
8466.667	1.7123
8500	34.7472
8533.333	34.3228
8566.667	0.6073
8600	0.5415
8633.333	0.6044
8666.667	0.8591
8700	1.2235
8733.333	0.4654
8766.667	0.2517
8800	30.8325
8833.333	0.8634
8866.667	3.0221
8900	0.7771
8933.333	0.9191
8966.667	0.5503
9000	0.4756
9033.333	0.2298
9066.667	0.4025
9100	0.2415
9133.333	31.3154
9166.667	0.3571
9200	0.6615
9233.333	3.0748
9266.667	12.4761
9300	0.5986
9333.333	0.5371
9366.667	0.1654
9400	0.1434
9433.333	0.002927
9466.667	32.8199
9500	0.9337
9533.333	2.8684
9566.667	2.7791
9600	0.9513
9633.333	0.9088
9666.667	0.3981
9700	0.3659
9733.333	0.2883
9766.667	0.01317
9800	29.9471
9833.333	3.7684
9866.667	0.7098
9900	0.8927
9933.333	0.6
9966.667	0.3425
10000	0.2561
10033.333	0.18
10066.667	0.1756
10100	0.2898
10133.333	170.682
10166.667	86.5015
10200	79.5895
10233.333	46.4609
10266.667	3.4816
10300	35.7292
10333.333	15.3416
10366.667	14.4137
10400	3.2518
10433.333	2.0591
10466.667	81.713
10500	8.9857
10533.333	41.589
10566.667	134.2459
10600	43.6232
10633.333	5.8832
10666.667	61.3869
10700	39.4026
10733.333	4.1841
10766.667	5.7895
10800	51.785
10833.333	1.4649
10866.667	2.5245
10900	9.4306
10933.333	7.3218
10966.667	0.4405
11000	31.251
11033.333	17.7958
11066.667	8.5569
11100	39.3894
11133.333	0.6205
11166.667	11.9961
11200	1.0069
11233.333	0.3717
11266.667	0.4288
11300	0.3117
11333.333	0.2459
11366.667	0.1346
11400	0
11433.333	33.8736
11466.667	3.5636
11500	0.9044
11533.333	0.4786
11566.667	1.2
11600	0.8664
11633.333	0.3527
11666.667	0.4098
11700	0.4668
11733.333	0.4098
11766.667	33.0672
11800	0.5254
11833.333	2.8948
11866.667	3.3411
11900	0.4376
11933.333	0.4625
11966.667	1.5966
12000	1.0142
12033.333	0.4405
12066.667	0.04098
12100	30.3539
12133.333	12.3854
12166.667	0.6249
12200	0.3088
12233.333	0.4551
12266.667	0.3337
12300	0.2942
12333.333	0.3
12366.667	0.1229
12400	0.1229
12433.333	31.2949
12466.667	0.3425
12500	0.7844
12533.333	2.7177
12566.667	2.6679
12600	0.7947
12633.333	1.042
12666.667	0.3512
12700	0.3527
12733.333	0.3
12766.667	30.4388
12800	1.001
12833.333	2.6855
12866.667	0.6527
12900	0.9366
12933.333	0.4595
12966.667	0.4054
13000	0.1537
13033.333	0.1844
13066.667	0.1859
13100	34.7824
13133.333	1.3566
13166.667	0.2444
13200	0.2151
13233.333	0.2898
13266.667	0.2181
13300	0.1888
13333.333	0.1185
13366.667	0.1859
13400	0.0922
13433.333	32.814
13466.667	0.8883
13500	2.5391
13533.333	2.7791
13566.667	0.5356
13600	0.5883
13633.333	0.9674
13666.667	0.8034
13700	0.4698
13733.333	0.09074
13766.667	30.5485
13800	3.8372
13833.333	0.2034
13866.667	0.4712
13900	0.9235
13933.333	0.7186
13966.667	0.3615
14000	0.2444
14033.333	0.502
14066.667	11.5556
14100	32.2564
14133.333	0.1507
14166.667	0.3615
14200	3.1318
14233.333	3.3806
14266.667	0.3425
14300	0.6878
14333.333	1.0449
14366.667	0.8152
14400	0.5605
14433.333	31.172
14466.667	0.3234
14500	3.1494
14533.333	0.5137
14566.667	1.9186
14600	1.2132
14633.333	0.3351
14666.667	0.2839
14700	0.4405
14733.333	33.5077
14766.667	0.1229
14800	0.5342
14833.333	3.1011
14866.667	3.2826
14900	0.6995
14933.333	11.6361
14966.667	0.6161
15000	0.5108
15033.333	0.01024
15066.667	31.5144
15100	3.5577
15133.333	0.4025
15166.667	0.8122
15200	0.5766
15233.333	0.4873
15266.667	0.2137
15300	0.2327
15333.333	0.1976
15366.667	0.06439
15400	30.0554
15433.333	0.5956
15466.667	2.9621
15500	2.7601
15533.333	1.0552
15566.667	0.7932
15600	0.8181
15633.333	0.3088
15666.667	0.3088
15700	0.01317
15733.333	30.9495
15766.667	3.7231
15800	0.742
15833.333	11.8512
15866.667	0.7112
15900	0.2459
15933.333	0.2181
15966.667	0.2839
16000	0.2459
16033.333	0.1317
16066.667	31.4105
16100	0.4083
16133.333	3.4728
16166.667	0.2444
16200	0.5488
16233.333	1.3391
16266.667	1.3493
16300	0.2503
16333.333	0.3907
16366.667	0.4288
16400	33.8062
16433.334	0.1756
16466.666	0.7991
16500	2.8084
16533.334	3.107
16566.666	0.7054
16600	0.723
16633.334	1.3698
16666.666	0.9761
16700	0.5722
16733.334	31.6388
16766.666	0.3366
16800	12.5434
16833.334	0.6308
16866.666	0.1493
16900	0.101
16933.334	0.36
16966.666	0.4464
17000	0.2151
17033.334	0
17066.666	29.5563
17100	3.6982
17133.334	0.4742
17166.666	0.6995
17200	1.2279
17233.334	1.0888
17266.666	0.6073
17300	0.3512
17333.334	0.5269
17366.666	0.04098
17400	33.1447
17433.334	0.7171
17466.666	3.1377
17500	3.527
17533.334	0.3864
17566.666	1.1913
17600	0.8722
17633.334	0.5049
17666.666	0.001463
17700	30.4432
17733.334	12.6078
17766.666	0.8708
17800	0.1317
17833.334	0.2883
17866.666	0.4727
17900	0.1873
17933.334	0.199
17966.666	0.05415
18000	0.1185
18033.334	32.7247
18066.666	0.2107
18100	0.5078
18133.334	3.3279
18166.666	3.3967
18200	0.9205
18233.334	0.8239
18266.666	0.5898
18300	0.4244
18333.334	0.461
18366.666	31.3871
18400	0.4025
18433.334	3.0645
18466.666	0.7083
18500	0.9308
18533.334	0.4903
18566.666	0.663
18600	0.2707
18633.334	0.2532
18666.666	0.4903
18700	34.6507
18733.334	0.8752
18766.666	0.6366
18800	0.4025
18833.334	0.3629
18866.666	0.1449
18900	0.1449
18933.334	0.1917
18966.666	0.101
19000	0.01903
19033.334	34.1736
19066.666	0.7361
19100	2.6782
19133.334	3.3104
19166.666	0.3117
19200	0.5795
19233.334	1.541
19266.666	1.4971
19300	0.6132
19333.334	0.1039
19366.666	30.5559
19400	2.8948
19433.334	0.5751
19466.666	0.5459
19500	1.0464
19533.334	0.7405
19566.666	0.3322
19600	0.3249
19633.334	0.4786
19666.666	11.3975
19700	32.7613
19733.334	0.1112
19766.666	0.5561
19800	1.3449
19833.334	0.4639
19866.666	0.439
19900	1.1766
19933.334	1.0376
19966.666	0.5225
20000	163.688
20033.334	102.1504
20066.666	67.9666
20100	41.1207
20133.334	32.034
20166.666	30.8778
20200	5.4412
20233.334	2.6694
20266.666	1.1766
20300	32.2915
20333.334	55.8125
20366.666	40.3992
20400	60.0492
20433.334	64.226
20466.666	61.3444
20500	41.7558
20533.334	35.7453
20566.666	20.9116
20600	23.7449
20633.334	7.9481
20666.666	46.3745
20700	0.8195
20733.334	4.7841
20766.666	7.7418
20800	2.7923
20833.334	4.9978
20866.666	1.721
20900	1.2849
20933.334	1.9933
20966.666	2.545
21000	39.5006
21033.334	3.8577
21066.666	0.9615
21100	0.5751
21133.334	1.7869
21166.666	1.6347
21200	0.6395
21233.334	0.7976
21266.666	0.6849
21300	0.3512
21333.334	33.3526
21366.666	0.6117
21400	3.1143
21433.334	3.4948
21466.666	0.4786
21500	0.5195
21533.334	1.4108
21566.666	11.7897
21600	0.6556
21633.334	0.5517
21666.666	31.5261
21700	0.6586
21733.334	3.3031
21766.666	0.4449
21800	0.4639
21833.334	1.0757
21866.666	0.8664
21900	0.3498
21933.334	0.4025
21966.666	0.4727
22000	31.2847
22033.334	0.6073
22066.666	0.5942
22100	2.8406
22133.334	3.2709
22166.666	0.3571
22200	0.4859
22233.334	1.0918
22266.666	0.8181
22300	0.7449
22333.334	31.0578
22366.666	0.7142
22400	3.1304
22433.334	0.5986
22466.666	0.4229
22500	1.0786
22533.334	11.8102
22566.666	0.7961
22600	0.4815
22633.334	0
22666.666	31.993
22700	3.7026
22733.334	0.4537
22766.666	0.5576
22800	1.2293
22833.334	1.0727
22866.666	0.4712
22900	0.3527
22933.334	0.9074
22966.666	0.04683
23000	31.7647
23033.334	0.7332
23066.666	2.744
23100	3.2899
23133.334	0.4551
23166.666	0.5034
23200	1.6142
23233.334	1.1591
23266.666	0.4815
23300	0
23333.334	28.7807
23366.666	3.4684
23400	0.9454
23433.334	0.5693
23466.666	1.8454
23500	11.9288
23533.334	0.6132
23566.666	0.1522
23600	0.1317
23633.334	0.3834
23666.666	32.8521
23700	0.08049
23733.334	3.2387
23766.666	2.5903
23800	0.6512
23833.334	0.9937
23866.666	1.0288
23900	1.3947
23933.334	0.3995
23966.666	32.0954
24000	0.6366
24033.334	2.8245
24066.666	0.9395
24100	0.5971
24133.334	1.4591
24166.666	1.1913
24200	0.2649
24233.334	0.4098
24266.666	0.461
24300	33.0438
24333.334	1.2469
24366.666	0.8122
24400	3.4245
24433.334	12.1995
24466.666	0.8444
24500	0.3981
24533.334	0.2546
24566.666	0.9556
24600	0.01171
24633.334	34.1809
24666.666	0.7727
24700	2.5977
24733.334	3.1918
24766.666	0.5605
24800	0.4434
24833.334	1.1254
24866.666	0.7888
24900	0.442
24933.334	0.0161
24966.666	31.4149
25000	3.4992
25033.334	0.3644
25066.666	0.641
25100	1.2322
25133.334	1.1122
25166.666	0.4317
25200	0.2312
25233.334	0.502
25266.666	0.03366
25300	30.8647
25333.334	0.9103
25366.666	3.0367
25400	12.2449
25433.334	0.6454
25466.666	0.3381
25500	0.3366
25533.334	0.2678
25566.666	0.2444
25600	0.2795
25633.334	31.8818
25666.666	1.0786
25700	3.4611
25733.334	0.3351
25766.666	0.5459
25800	1.0874
25833.334	1.2088
25866.666	0.4683
25900	0.7522
25933.334	0.701
25966.666	33.2457
26000	0.2956
26033.334	0.6293
26066.666	2.6913
26100	2.5816
26133.334	0.6834
26166.666	0.9337
26200	0.4551
26233.334	0.3161
26266.666	0.2927
26300	30.7695
26333.334	0.7347
26366.666	12.0663
26400	0.7815
26433.334	0.4112
26466.666	0.2532
26500	0.2385
26533.334	0.1698
26566.666	0.0322
26600	30.4549
26633.334	3.0762
26666.666	0.4171
26700	0.6483
26733.334	0.4507
26766.666	0.2034
26800	0.1507
26833.334	0.1946
26866.666	0.1244
26900	0.03951
26933.334	29.9163
26966.666	0.379
27000	2.7835
27033.334	2.6943
27066.666	0.4727
27100	0.9337
27133.334	0.5195
27166.666	0.4273
27200	0.3527
27233.334	0.008781
27266.666	29.5124
27300	12.4307
27333.334	0.6483
27366.666	0.4025
27400	0.09074
27433.334	0.09659
27466.666	0.05708
27500	0.04976
27533.334	0.2883
27566.666	0.0161
27600	32.6208
27633.334	0.322
27666.666	0.8269
27700	3.1772
27733.334	3.1157
27766.666	0.5269
27800	0.663
27833.334	0.4727
27866.666	0.4215
27900	0.1932
27933.334	29.3353
27966.666	0.5503
28000	3.0952
28033.334	0.5942
28066.666	0.761
28100	0.5561
28133.334	0.8108
28166.666	0.2883
28200	0.1624
28233.334	0.2517
28266.666	35.1746
28300	0.6864
28333.334	0.2546
28366.666	0.5737
28400	0.2751
28433.334	0.1639
28466.666	0.08195
28500	0.3044
28533.334	0.1976
28566.666	0
28600	32.1306
28633.334	0.8078
28666.666	3.1992
28700	2.9211
28733.334	0.9015
28766.666	1.2674
28800	0.6322
28833.334	0.2927
28866.666	0.2151
28900	0.09952
28933.334	33.9467
28966.666	3.2738
29000	0.7976
29033.334	4.708
29066.666	4.6304
29100	2.504
29133.334	0.3278
29166.666	1.7767
29200	1.7518
29233.334	11.4224
29266.666	34.0872
29300	0.4376
29333.334	0.7683
29366.666	2.9211
29400	3.4172
29433.334	0.783
29466.666	0.7581
29500	1.1825
29533.334	0.9132
29566.666	0.6395
29600	30.8822
29633.334	3.0996
29666.666	0.9513
29700	0.4742
29733.334	1.1722
29766.666	0.7156
29800	0.6659
29833.334	0.1756
29866.666	0.3307
29900	164.4871
29933.334	101.1567
29966.666	69.5604
30000	34.6068
30033.334	14.1489
30066.666	26.2181
30100	15.9211
30133.334	4.1431
30166.666	12.2127
30200	10.9014
30233.334	65.4568
30266.666	44.6301
30300	71.6341
30333.334	61.3254
30366.666	43.1447
30400	44.6711
30433.334	28.7704
30466.666	12.5112
30500	27.0772
30533.334	6.852
30566.666	45.6018
30600	10.5985
30633.334	7.3818
30666.666	3.407
30700	4.2353
30733.334	2.6489
30766.666	1.0581
30800	0.3249
30833.334	3.3016
30866.666	3.5577
30900	39.243
30933.334	0.6176
30966.666	4.7007
31000	4.5134
31033.334	3.3514
31066.666	0.4873
31100	1.3874
31133.334	11.7883
31166.666	0.982
31200	0.4303
31233.334	33.597
31266.666	0.3
31300	3.2153
31333.334	2.4177
31366.666	0.8195
31400	2.2655
31433.334	1.3171
31466.666	0.3746
31500	0.3264
31533.334	0.5298
31566.666	38.9328
31600	2.5816
31633.334	1.7123
31666.666	4.1694
31700	3.8241
31733.334	0.3395
31766.666	1.1459
31800	1.0259
31833.334	0.9264
31866.666	0.4625
31900	33.8092
31933.334	0.3483
31966.666	3.0543
32000	1.0405
32033.334	0.9308
32066.666	1.5366
32100	11.8205
32133.334	0.6776
32166.666	0.4083
32200	0.03366
32233.334	32.3354
32266.666	1.9537
32300	22.4175
32333.334	1.6888
32366.666	19.3047
32400	0.8225
32433.334	1.023
32466.666	1.1415
32500	0.8869
32533.334	32.8974
32566.666	0.7376
32600	3.3675
32633.334	9.7189
32666.666	1.8776
32700	4.3114
32733.334	1.8279
32766.666	22.5565
32800	12.6459
32833.332	28.3928
32866.668	42.6924
32900	4.0041
32933.332	2.163
32966.668	5.6314
33000	5.2948
33033.332	17.49
33066.668	1.7781
33100	0.2956
33133.332	3.2635
33166.668	0.6044
33200	36.458
33233.332	0.3951
33266.668	0.8356
33300	3.1348
33333.332	3.4553
33366.668	0.4215
33400	2.7294
33433.332	1.2659
33466.668	2.6635
33500	0.6615
33533.332	31.2993
33566.668	0.5049
33600	3.5328
33633.332	0.8137
33666.668	0.6834
33700	1.4005
33733.332	1.2513
33766.668	0.5532
33800	0.4581
33833.332	0.7244
33866.668	31.9432
33900	0.2942
33933.332	0.9937
33966.668	2.8596
34000	12.4644
34033.332	0.4742
34066.668	0.2137
34100	0.142
34133.332	0.3527
34166.668	0.02342
34200	32.0018
34233.332	1.0025
34266.668	2.4894
34300	2.7045
34333.332	0.5166
34366.668	0.4698
34400	1.9698
34433.332	0.8722
34466.668	1.0625
34500	0.005854
34533.332	31.8715
34566.668	3.5343
34600	1.923
34633.332	1.5015
34666.668	2.4352
34700	1.2805
34733.332	0.5854
34766.668	0.3805
34800	0.6351
34833.332	0.0161
34866.668	31.5891
34900	1.2981
34933.332	2.9709
34966.668	12.1117
35000	0.8283
35033.332	0.1566
35066.668	0.2312
35100	0.6688
35133.332	0.8752
35166.668	32.4145
35200	0.4873
35233.332	3.1055
35266.668	0.5956
35300	0.54
35333.332	1.304
35366.668	1.1342
35400	0.3337
35433.332	0.3454
35466.668	0.5356
35500	30.3451
35533.332	0.2722
35566.668	9.3823
35600	8.9433
35633.332	15.0299
35666.668	7.9481
35700	1.9289
35733.332	1.6625
35766.668	9.1116
35800	0.7215
35833.332	34.4341
35866.668	0.4273
35900	15.5816
35933.332	15.8245
35966.668	18.4764
36000	0.6586
36033.332	1.2279
36066.668	1.5279
36100	18.8012
36133.332	2.2508
36166.668	47.7678
36200	33.9087
36233.332	0.6381
36266.668	32.4262
36300	7.0056
36333.332	3.246
36366.668	1.2542
36400	6.8886
36433.332	13.6527
36466.668	1.5615
36500	37.7049
36533.332	0.9966
36566.668	3.6089
36600	2.9869
36633.332	2.4323
36666.668	1.1181
36700	1.7869
36733.332	19.5066
36766.668	5.0373
36800	15.4689
36833.332	47.1385
36866.668	13.2166
36900	2.7396
36933.332	1.4884
36966.668	30.4578
37000	34.3653
37033.332	30.3978
37066.668	1.0508
37100	0.6791
37133.332	33.4755
37166.668	38.8728
37200	32.274
37233.332	9.4643
37266.668	5.3095
37300	4.8602
37333.332	23.8063
37366.668	2.2552
37400	1.5849
37433.332	0.5825
37466.668	3.8987
37500	47.6068
37533.332	5.3197
37566.668	3.366
37600	7.8925
37633.332	21.1282
37666.668	1.904
37700	11.5395
37733.332	1.1547
37766.668	0.4844
37800	11.4868
37833.332	43.4959
37866.668	1.9976
37900	3.4143
37933.332	2.0913
37966.668	0.7171
38000	3.3528
38033.332	0.7288
38066.668	0.8678
38100	24.6493
38133.332	15.8128
38166.668	37.5879
38200	0.4859
38233.332	3.1201
38266.668	3.5167
38300	0.3629
38333.332	0.4244
38366.668	1.2308
38400	1.2118
38433.332	1.222
38466.668	0.00439
38500	34.9858
38533.332	3.6104
38566.668	3.7538
38600	9.978
38633.332	1.8264
38666.668	10.5736
38700	1.9259
38733.332	0.8927
38766.668	0.8195
38800	11.8863
38833.332	34.5468
38866.668	0.05854
38900	0.8122
38933.332	2.8889
38966.668	3.8987
39000	0.5444
39033.332	1.8118
39066.668	1.0259
39100	0.6088
39133.332	31.5891
39166.668	0.3864
39200	3.2387
39233.332	0.4654
39266.668	0.8254
39300	1.4284
39333.332	1.1181
39366.668	0.5195
39400	0.3088
39433.332	0.4947
39466.668	32.6164
39500	0.4698
39533.332	1.9508
39566.668	3.4245
39600	3.6294
39633.332	0.3834
39666.668	3.0118
39700	1.2601
39733.332	11.5483
39766.668	0.04537
39800	177.8984
39833.332	97.7659
39866.668	57.734
39900	41.7953
39933.332	26.2211
39966.668	10.0175
40000	35.757
40033.332	4.3158
40066.668	12.8317
40100	28.6753
40133.332	55.3852
40166.668	55.65
40200	61.8083
40233.332	53.8353
40266.668	48.3663
40300	45.3399
40333.332	39.5445
40366.668	25.5025
40400	21.5511
40433.332	6.2666
40466.668	43.8076
40500	1.2864
40533.332	3.1494
40566.668	3.344
40600	2.9811
40633.332	16.6807
40666.668	4.6553
40700	11.1839
40733.332	2.7147
40766.668	0.3937
40800	38.4484
40833.332	4.0728
40866.668	3.3733
40900	0.9688
40933.332	1.1049
40966.668	2.1045
41000	1.301
41033.332	0.5429
41066.668	0.3746
41100	1.0376
41133.332	38.4264
41166.668	0.7947
41200	10.0965
41233.332	3.2167
41266.668	3.486
41300	0.3893
41333.332	8.2759
41366.668	2.1352
41400	0.9981
41433.332	0.4742
41466.668	32.9852
41500	0.5269
41533.332	3.4465
41566.668	0.4347
41600	0.4625
41633.332	0.9571
41666.668	12.3005
41700	1.4927
41733.332	0.4786
41766.668	33.9131
41800	4.667
41833.332	4.4753
41866.668	0.8269
41900	1.0083
41933.332	1.5162
41966.668	1.0683
42000	0.3425
42033.332	0.4259
42066.668	0.02781
42100	34.1604
42133.332	0.6351
42166.668	3.025
42200	3.0001
42233.332	0.6088
42266.668	1.0054
42300	5.4134
42333.332	3.5489
42366.668	2.2655
42400	2.3211
42433.332	34.0097
42466.668	2.684
42500	0.5869
42533.332	11.1034
42566.668	0.6469
42600	0.2093
42633.332	0.3278
42666.668	0.3366
42700	0.1361
42733.332	0.2005
42766.668	32.672
42800	0.5064
42833.332	3.9924
42866.668	0.3293
42900	0.461
42933.332	1.304
42966.668	1.2469
43000	0.5327
43033.332	0.5108
43066.668	1.2893
43100	33.9716
43133.332	0.4771
43166.668	0.8664
43200	2.7499
43233.332	2.703
43266.668	1.2776
43300	1.0581
43333.332	1.2176
43366.668	0.1932
43400	26.9235
43433.332	38.5816
43466.668	14.2162
43500	13.6118
43533.332	1.4035
43566.668	2.6972
43600	3.7699
43633.332	14.5177
43666.668	3.6236
43700	2.1952
43733.332	0.08634
43766.668	39.2987
43800	3.3601
43833.332	6.0529
43866.668	2.0298
43900	0.4742
43933.332	0.4376
43966.668	0.2371
44000	1.5205
44033.332	0.3615
44066.668	0.03366
44100	34.2497
44133.332	0.8854
44166.668	3.0513
44200	3.9543
44233.332	0.5883
44266.668	0.761
44300	1.5688
44333.332	1.2469
44366.668	0.4815
44400	0.007317
44433.332	31.6901
44466.668	13.7171
44500	0.7947
44533.332	0.4303
44566.668	0.6571
44600	0.6586
44633.332	0.1683
44666.668	0.1771
44700	0.1581
44733.332	0.5078
44766.668	34.9229
44800	0.1317
44833.332	0.6088
44866.668	2.3518
44900	0.6937
44933.332	1.1108
44966.668	1.4708
45000	1.0669
45033.332	0.6147
45066.668	32.1642
45100	0.3556
45133.332	3.767
45166.668	0.5269
45200	0.5971
45233.332	1.4488
45266.668	1.6054
45300	0.4171
45333.332	0.5034
45366.668	0.7098
45400	37.6625
45433.332	1.7928
45466.668	9.5184
45500	0.8956
45533.332	2.6518
45566.668	2.2552
45600	13.2927
45633.332	2.7879
45666.668	13.4713
45700	6.0573
45733.332	36.4961
45766.668	32.8989
45800	7.3671
45833.332	31.7501
45866.668	0.6556
45900	0.7039
45933.332	15.807
45966.668	14.3069
46000	12.7864
46033.332	5.9168
46066.668	35.8331
46100	1.1225
46133.332	37.4664
46166.668	1.342
46200	29.7349
46233.332	3.3894
46266.668	0.7903
46300	0.6878
46333.332	1.2922
46366.668	12.6751
46400	36.0044
46433.332	0.3864
46466.668	0.2781
46500	15.1367
46533.332	4.6407
46566.668	2.7133
46600	1.5015
46633.332	4.2368
46666.668	2.1498
46700	0.5312
46733.332	33.834
46766.668	0.5473
46800	3.4114
46833.332	0.4259
46866.668	0.7054
46900	1.143
46933.332	16.4875
46966.668	2.2757
47000	3.1245
47033.332	1.1854
47066.668	37.863
47100	5.469
47133.332	0.8986
47166.668	4.0567
47200	4.7329
47233.332	3.7772
47266.668	0.8444
47300	1.2118
47333.332	11.5849
47366.668	0.3059
47400	35.1058
47433.332	0.9791
47466.668	2.9474
47500	3.0572
47533.332	0.6864
47566.668	0.6981
47600	1.6742
47633.332	0.9513
47666.668	0.6366
47700	0.02049
47733.332	32.8272
47766.668	3.7611
47800	0.4361
47833.332	0.5664
47866.668	1.2147
47900	0.4595
47933.332	0.5078
47966.668	16.8036
48000	0.8634
48033.332	39.4918
48066.668	4.2631
48100	3.8241
48133.332	19.2696
48166.668	19.0544
48200	4.1226
48233.332	4.0509
48266.668	12.0898
48300	0.5429
48333.332	0.3717
48366.668	34.1882
48400	0.4156
48433.332	3.8021
48466.668	0.3073
48500	0.6234
48533.332	1.2849
48566.668	0.96
48600	0.4917
48633.332	0.1171
48666.668	27.0743
48700	45.9457
48733.332	0.4873
48766.668	0.4888
48800	3.4831
48833.332	1.3537
48866.668	22.0194
48900	11.9858
48933.332	6.9134
48966.668	1.5498
49000	4.0728
49033.332	35.1409
49066.668	0.742
49100	7.8837
49133.332	0.461
49166.668	0.5576
49200	1.0976
49233.332	12.0854
49266.668	0.5342
49300	0.2707
49333.332	0.09074
49366.668	33.3848
49400	3.3323
49433.332	0.6205
49466.668	0.5473
49500	1.4152
49533.332	0.8093
49566.668	0.3703
49600	0.4727
49633.332	0.4288
49666.668	0.03073
49700	180.7799
49733.332	94.397
49766.668	55.5695
49800	55.6925
49833.332	27.904
49866.668	8.7135
49900	8.0052
49933.332	6.2622
49966.668	2.706
50000	32.3603
50033.332	54.93
50066.668	63.8367
50100	53.5661
50133.332	49.1873
50166.668	66.3495
50200	43.1769
50233.332	37.3639
50266.668	26.4098
50300	9.978
50333.332	5.0343
50366.668	43.3671
50400	0.761
50433.332	1.1444
50466.668	4.8017
50500	4.1065
50533.332	2.4806
50566.668	3.445
50600	1.421
50633.332	2.3752
50666.668	39.003
50700	0.4229
50733.332	3.1728
50766.668	0.4347
50800	0.5064
50833.332	1.2761
50866.668	0.9176
50900	0.5664
50933.332	0.2956
50966.668	0.8547
51000	32.4745
51033.332	0.1156
51066.668	1.1839
51100	3.0909
51133.332	12.3985
51166.668	0.5825
51200	0.3132
51233.332	0.3351
51266.668	0.3249
51300	0.03512
51333.332	32.6398
51366.668	1.0449
51400	3.1874
51433.332	3.6601
51466.668	0.3293
51500	0.6088
51533.332	1.6303
51566.668	1.1283
51600	0.5781
51633.332	0.0161
51666.668	32.2579
51700	3.205
51733.332	0.8752
51766.668	0.442
51800	1.143
51833.332	0.9366
51866.668	0.2985
51900	0.5839
51933.332	0.5195
51966.668	0.008781
52000	31.1647
52033.332	0.9117
52066.668	3.1143
52100	12.4644
52133.332	0.5795
52166.668	0.2634
52200	0.1712
52233.332	0.2751
52266.668	0.2825
52300	0.18
52333.332	32.5023
52366.668	0.6439
52400	3.9645
52433.332	0.2956
52466.668	0.6351
52500	1.3186
52533.332	0.9527
52566.668	0.3937
52600	0.2605
52633.332	0.3629
52666.668	31.2803
52700	0.1434
52733.332	0.8942
52766.668	2.2347
52800	2.5172
52833.332	0.9235
52866.668	0.9717
52900	1.1313
52933.332	0.8781
52966.668	0.4156
53000	31.9784
53033.332	0.3249
53066.668	12.0385
53100	0.4771
53133.332	0.4244
53166.668	0.6805
53200	0.07903
53233.332	31.9623
53266.668	2.6767
53300	30.2646
53333.332	0.9864
53366.668	2.5728
53400	2.5216
53433.332	0.6059
53466.668	0.7478
53500	0.7683
53533.332	0.54
53566.668	0.2956
53600	0
53633.332	31.2832
53666.668	2.785
53700	1.4913
53733.332	0.9791
53766.668	0.5605
53800	0.2224
53833.332	0.1522
53866.668	0.1185
53900	0.1551
53933.332	11.7341
53966.668	37.9318
54000	3.7143
54033.332	11.377
54066.668	7.0993
54100	3.8914
54133.332	0.4625
54166.668	1.1049
54200	1.462
54233.332	0.96
54266.668	0.4434
54300	34.1589
54333.332	0.3527
54366.668	3.6162
54400	0.2371
54433.332	0.5064
54466.668	1.0639
54500	1.3142
54533.332	0.2385
54566.668	0.3132
54600	0.6103
54633.332	31.0432
54666.668	0.3571
54700	0.6761
54733.332	2.6035
54766.668	2.6386
54800	0.8152
54833.332	11.8
54866.668	0.6073
54900	0.3293
54933.332	0
54966.668	32.7423
55000	2.5742
55033.332	0.6
55066.668	0.7171
55100	0.5386
55133.332	0.4639
55166.668	0.1727
55200	0.2254
55233.332	0.2942
55266.668	12.8054
55300	39.2782
55333.332	2.3459
55366.668	3.7699
55400	3.2621
55433.332	0.7215
55466.668	0.2854
55500	5.4602
55533.332	1.1986
55566.668	0.3512
55600	0.05708
55633.332	36.5093
55666.668	3.1201
55700	7.4681
55733.332	1.8513
55766.668	2.365
55800	11.7444
55833.332	0.5576
55866.668	8.3813
55900	4.0919
55933.332	0.7405
55966.668	35.9195
56000	0.3366
56033.332	0.3293
56066.668	3.5036
56100	4.0831
56133.332	0.4566
56166.668	0.5342
56200	1.0698
56233.332	1.4357
56266.668	0.439
56300	31.5247
56333.332	0.3234
56366.668	3.1626
56400	0.6351
56433.332	0.6732
56466.668	1.4254
56500	1.1064
56533.332	0.3293
56566.668	0.202
56600	0.439
56633.332	32.5491
56666.668	0.3761
56700	0.9439
56733.332	2.9591
56766.668	12.1585
56800	0.5737
56833.332	0.2385
56866.668	0.2181
56900	0.3454
56933.332	31.0359
56966.668	0.7317
57000	3.0952
57033.332	2.9372
57066.668	0.4215
57100	0.701
57133.332	1.08
57166.668	0.8415
57200	0.4932
57233.332	0.03951
57266.668	29.3339
57300	3.7743
57333.332	0.4244
57366.668	0.8474
57400	0.9615
57433.332	0.9117
57466.668	0.5883
57500	0.3307
57533.332	0.6132
57566.668	9.5067
57600	36.5956
57633.332	2.6196
57666.668	4.4285
57700	12.9883
57733.332	1.9786
57766.668	0.3893
57800	0.4888
57833.332	0.6015
57866.668	0.322
57900	0.2693
57933.332	40.8046
57966.668	0.7771
58000	26.4479
58033.332	2.9094
58066.668	4.4168
58100	2.5494
58133.332	1.6508
58166.668	8.8189
58200	1.1035
58233.332	1.9654
58266.668	35.2214
58300	0.7669
58333.332	0.4273
58366.668	14.3816
58400	11.2731
58433.332	2.5611
58466.668	0.7288
58500	1.8059
58533.332	1.4898
58566.668	0.6454
58600	32.3457
58633.332	0.4625
58666.668	11.9302
58700	0.7552
58733.332	0.202
58766.668	0.2254
58800	0.3381
58833.332	0.2473
58866.668	0.3322
58900	0.01171
58933.332	31.6403
58966.668	3.5431
59000	0.6834
59033.332	0.6937
59066.668	1.3215
59100	1.3288
59133.332	0.5137
59166.668	0.3878
59200	0.5547
59233.332	0.0439
59266.668	166.9545
59300	109.4327
59333.332	60.2497
59366.668	37.3142
59400	35.1321
59433.332	10.9409
59466.668	8.7677
59500	3.7319
59533.332	2.0737
59566.668	75.0894
59600	46.8326
59633.332	73.8483
59666.668	60.7137
59700	44.7955
59733.332	47.819
59766.668	21.1779
59800	22.7658
59833.332	25.7996
59866.668	6.0588
59900	44.8803
59933.332	1.4737
59966.668	1.9406
60000	4.8895
60033.332	4.4607
60066.668	0.2868
60100	3.2489
60133.332	3.9148
60166.668	4.3187
60200	14.1006
60233.332	37.683
60266.668	0.5283
60300	3.2811
60333.332	0.4873
60366.668	0.5898
60400	1.1357
60433.332	0.9791
60466.668	0.401
60500	0.4537
60533.332	0.6117
60566.668	36.3439
60600	1.1605
60633.332	0.3995
60666.668	0.1829
60700	17.2061
60733.332	3.6353
60766.668	6.1378
60800	16.0133
60833.332	1.6318
60866.668	1.8191
60900	42.069
60933.332	0.8093
60966.668	3.1099
61000	3.3938
61033.332	1.702
61066.668	0.4756
61100	1.2908
61133.332	1.2498
61166.668	0.5473
61200	0.03659
61233.332	35.239
61266.668	3.5943
61300	0.6791
61333.332	0.4244
61366.668	1.5162
61400	0.7742
61433.332	0.3878
61466.668	0.3688
61500	0.4712
61533.332	11.2673
61566.668	32.672
61600	0.05122
61633.332	0.7259
61666.668	2.6064
61700	2.8684
61733.332	0.7171
61766.668	0.5678
61800	1.0742
61833.332	0.9996
61866.668	0.9
61900	30.9232
61933.332	1.5249
61966.668	7.19
62000	2.3401
62033.332	0.42
62066.668	3.8606
62100	2.9372
62133.332	0.1493
62166.668	0.2122
62200	0.8137
62233.332	39.9982
62266.668	3.3748
62300	0.7317
62333.332	4.3129
62366.668	2.8289
62400	1.6947
62433.332	35.1892
62466.668	71.5829
62500	14.9143
62533.332	61.4015
62566.668	61.4834
62600	41.3021
62633.332	4.6319
62666.668	36.6293
62700	27.2469
62733.332	20.1286
62766.668	25.3971
62800	51.9109
62833.332	26.9908
62866.668	49.8122
62900	79.3305
62933.332	1.9713
62966.668	71.5931
63000	14.8352
63033.332	8.9667
63066.668	5.8129
63100	26.622
63133.332	2.1411
63166.668	15.2552
63200	37.7927
63233.332	2.2333
63266.668	62.7698
63300	54.3417
63333.332	8.8686
63366.668	11.8878
63400	39.0323
63433.332	25.6957
63466.668	17.7285
63500	2.6738
63533.332	35.7629
63566.668	5.7178
63600	6.2783
63633.332	3.2606
63666.668	1.2498
63700	8.0052
63733.332	6.4627
63766.668	6.3529
63800	4.4943
63833.332	1.2922
63866.668	53.2602
63900	50.9245
63933.332	16.2826
63966.668	48.3005
64000	4.3202
64033.332	32.9121
64066.668	9.915
64100	2.0401
64133.332	4.7709
64166.668	5.6505
64200	37.7766
64233.332	18.7866
64266.668	43.5193
64300	3.0777
64333.332	58.0589
64366.668	11.4649
64400	32.0867
64433.332	4.648
64466.668	3.0367
64500	1.6815
64533.332	37.8542
64566.668	7.8852
64600	1.0478
64633.332	33.7521
64666.668	12.0224
64700	46.177
64733.332	19.0325
64766.668	1.6581
64800	6.9295
64833.332	5.968
64866.668	39.3528
64900	3.5943
64933.332	6.7232
64966.668	3.2957
65000	22.4424
65033.332	12.5742
65066.668	2.4821
65100	2.1425
65133.332	1.4415
65166.668	0.04683
65200	37.3054
65233.332	26.8181
65266.668	16.6748
65300	33.1755
65333.332	4.1153
65366.668	18.8481
65400	9.2096
65433.332	2.2903
65466.668	19.3091
65500	6.5154
65533.332	36.3937
65566.6641	4.9451
65600	9.7541
65633.3359	11.1473
65666.6641	17.1461
65700	0.7464
65733.3359	3.546
65766.6641	1.0069
65800	0.4068
65833.3359	34.3287
65866.6641	15.4543
65900	5.2583
65933.3359	15.8319
65966.6641	1.9976
66000	1.7167
66033.3359	1.8923
66066.6641	0.622
66100	0.3864
66133.3359	0.7069
66166.6641	35.6692
66200	0.8327
66233.3359	1.2161
66266.6641	4.2148
66300	12.2654
66333.3359	1.1327
66366.6641	0.5137
66400	1.0303
66433.3359	0.3629
66466.6641	21.3228
66500	44.9638
66533.3359	1.4093
66566.6641	23.2078
66600	14.1006
66633.3359	13.2459
66666.6641	1.1108
66700	1.4108
66733.3359	1.1503
66766.6641	11.3229
66800	2.8435
66833.3359	38.7908
66866.6641	7.3964
66900	2.2098
66933.3359	3.7143
66966.6641	1.9684
67000	6.0222
67033.3359	0.6908
67066.6641	0.7186
67100	1.4035
67133.3359	0.3073
67166.6641	35.5346
67200	1.1591
67233.3359	4.8982
67266.6641	13.9015
67300	1.9611
67333.3359	0.3205
67366.6641	16.3968
67400	14.926
67433.3359	8.0345
67466.6641	13.641
67500	36.5824
67533.3359	3.726
67566.6641	3.7743
67600	0.8049
67633.3359	0.5269
67666.6641	1.0961
67700	0.6088
67733.3359	11.5541
67766.6641	5.6651
67800	8.1662
67833.3359	36.5678
67866.6641	0.4347
67900	1.0274
67933.3359	3.1567
67966.6641	3.726
68000	1.3113
68033.3359	1.0244
68066.6641	0.4464
68100	4.9934
68133.3359	3.3645
68166.6641	35.3341
68200	0.281
68233.3359	17.6861
68266.6641	2.0679
68300	13.8313
68333.3359	1.1357
68366.6641	1.0274
68400	2.3401
68433.3359	2.5142
68466.6641	37.7971
68500	2.7733
68533.3359	0.6059
68566.6641	1.0113
68600	0.6322
68633.3359	0.1917
68666.6641	0.2356
68700	0.2137
68733.3359	0.2283
68766.6641	0.5137
68800	36.7259
68833.3359	0.8795
68866.6641	3.3836
68900	3.4553
68933.3359	0.9483
68966.6641	1.642
69000	1.0157
69033.3359	1.844
69066.6641	0.4712
69100	0.02634
69133.3359	31.6476
69166.6641	12.7293
69200	0.6805
69233.3359	0.1976
69266.6641	0.4859
69300	0.7771
69333.3359	11.6288
69366.6641	16.5651
69400	6.41
69433.3359	25.5874
69466.6641	37.601
69500	1.4635
69533.3359	0.4873
69566.6641	10.0467
69600	7.8369
69633.3359	1.7064
69666.6641	1.5674
69700	1.6976
69733.3359	5.2787
69766.6641	0.6732
69800	35.9532
69833.3359	0.6454
69866.6641	5.068
69900	3.8797
69933.3359	4.2353
69966.6641	3.584
70000	7.9145
70033.3359	39.1977
70066.6641	35.5829
70100	71.9839
70133.3359	138.0041
70166.6641	28.4089
70200	75.8899
70233.3359	66.9451
70266.6641	38.8699
70300	61.2581
70333.3359	96.0683
70366.6641	43.3803
70400	112.5001
70433.3359	211.2729
70466.6641	63.4269
70500	144.4434
70533.3359	94.7643
70566.6641	28.6197
70600	96.8117
70633.3359	65.9529
70666.6641	38.0284
70700	82.0043
70733.3359	62.2342
70766.6641	40.6553
70800	105.0232
70833.3359	7.5969
70866.6641	74.4088
70900	44.7413
70933.3359	6.5256
70966.6641	35.7673
71000	27.4796
71033.3359	3.0821
71066.6641	30.2207
71100	50.1284
71133.3359	38.7645
71166.6641	43.6569
71200	31.4061
71233.3359	10.9175
71266.6641	1.7781
71300	2.1689
71333.3359	1.7532
71366.6641	73.4356
71400	120.1321
71433.3359	55.2739
71466.6641	155.8497
71500	153.6208
71533.3359	20.0847
71566.6641	94.5214
71600	25.2332
71633.3359	46.2209
71666.6641	37.5952
71700	42.0661
71733.3359	2.4294
71766.6641	73.8791
71800	52.4948
71833.3359	29.89
71866.6641	58.1555
71900	5.7339
71933.3359	51.0738
71966.6641	18.4822
72000	17.7753
72033.3359	14.1986
72066.6641	0.5312
72100	37.8542
72133.3359	1.1854
72166.6641	3.0572
72200	2.8143
72233.3359	2.2406
72266.6641	9.3179
72300	10.3716
72333.3359	3.5094
72366.6641	7.1857
72400	2.6679
72433.3359	34.6082
72466.6641	4.007
72500	0.3205
72533.3359	0.7654
72566.6641	1.4181
72600	1.2835
72633.3359	0.3454
72666.6641	0.3746
72700	0.499
72733.3359	0.02927
72766.6641	34.1414
72800	0.8591
72833.3359	3.2577
72866.6641	3.5592
72900	0.4493
72933.3359	0.5064
72966.6641	1.2981
73000	11.9361
73033.3359	0.7391
73066.6641	0.3703
73100	33.1565
73133.3359	1.9742
73166.6641	3.4948
73200	0.3249
73233.3359	0.603
73266.6641	1.3025
73300	1.664
73333.3359	0.1302
73366.6641	0.2517
73400	0.5093
