0	48.6869
33.3333	46.9873
66.6667	46.9935
100	46.781
133.3333	47.0265
166.6667	46.4572
200	46.3974
233.3333	46.3334
266.6667	44.8772
300	44.9453
333.3333	45.2485
366.6667	45.2877
400	59.0538
433.3333	50.2566
466.6667	48.9695
500	48.92
533.3333	65.1717
566.6667	63.8351
600	49.019
633.3333	49.9493
666.6667	49.0603
700	48.6911
733.3333	54.6707
766.6667	52.2038
800	53.5362
833.3333	53.0206
866.6667	52.804
900	52.9546
933.3333	47.1894
966.6667	49.0974
1000	49.8544
1033.3334	49.6832
1066.6666	51.422
1100	49.7121
1133.3334	49.2253
1166.6666	48.8973
1200	48.6086
1233.3334	49.3326
1266.6666	45.9972
1300	46.0447
1333.3334	46.0488
1366.6666	46.0632
1400	61.628
1433.3334	89.6595
1466.6666	56.688
1500	55.4071
1533.3334	54.5346
1566.6666	57.4161
1600	52.9752
1633.3334	59.1755
1666.6666	52.3605
1700	52.3502
1733.3334	52.3832
1766.6666	52.3255
1800	52.4533
1833.3334	52.0759
1866.6666	52.1584
1900	51.9088
1933.3334	45.1763
1966.6666	44.8937
2000	68.2327
2033.3334	48.0393
2066.6667	53.4517
2100	50.6135
2133.3333	49.4171
2166.6667	48.984
2200	55.7948
2233.3333	69.4764
2266.6667	55.0461
2300	60.8814
2333.3333	52.6328
2366.6667	50.9455
2400	54.6707
2433.3333	68.3111
2466.6667	55.1389
2500	52.8184
2533.3333	62.2056
2566.6667	66.5805
2600	54.2644
2633.3333	61.2609
2666.6667	58.8331
2700	58.2721
2733.3333	60.4709
2766.6667	53.3568
2800	52.1192
2833.3333	55.3266
2866.6667	71.306
2900	65.741
2933.3333	59.025
2966.6667	57.6409
3000	58.0411
3033.3333	110.1397
3066.6667	60.6545
3100	79.8227
3133.3333	60.0295
3166.6667	56.393
3200	57.1768
3233.3333	54.221
3266.6667	54.9512
3300	53.5197
3333.3333	53.1526
3366.6667	52.5235
3400	67.3725
3433.3333	56.7519
3466.6667	56.2486
3500	54.2705
3533.3333	54.2334
3566.6667	51.4261
3600	50.4113
3633.3333	49.8792
3666.6667	49.1304
3700	49.0232
3733.3333	54.5882
3766.6667	55.8258
3800	55.6236
3833.3333	51.3849
3866.6667	54.7223
3900	56.4281
3933.3333	69.4373
3966.6667	58.7671
4000	55.2317
4033.3333	54.8378
4066.6667	54.5366
4100	77.0464
4133.3335	52.4925
4166.6665	61.5806
4200	53.5321
4233.3335	55.1431
4266.6665	52.5998
4300	65.1717
4333.3335	62.4304
4366.6665	53.9199
4400	51.1807
4433.3335	50.9868
4466.6665	50.564
4500	50.4959
4533.3335	50.6155
4566.6665	49.9513
4600	43.7861
4633.3335	43.522
4666.6665	51.2405
4700	53.2165
4733.3335	45.7642
4766.6665	46.057
4800	47.1853
4833.3335	47.9959
4866.6665	47.9114
4900	47.8165
4933.3335	51.849
4966.6665	57.346
5000	51.7252
5033.3335	53.4682
5066.6665	65.9782
5100	50.7682
5133.3335	50.5371
5166.6665	50.0215
5200	49.9988
5233.3335	49.8358
5266.6665	44.9473
5300	44.6895
5333.3335	44.7143
5366.6665	44.64
5400	44.6318
5433.3335	44.5884
5466.6665	47.6618
5500	45.9849
5533.3335	47.8701
5566.6665	46.548
5600	46.9914
5633.3335	46.5377
5666.6665	46.7253
5700	46.7419
5733.3335	46.2819
5766.6665	46.3169
5800	46.779
5833.3335	46.7955
5866.6665	46.7645
5900	46.7769
5933.3335	40.7478
5966.6665	40.6137
6000	40.5477
6033.3335	40.5663
6066.6665	40.4961
6100	40.6446
6133.3335	40.624
6166.6665	40.7045
6200	40.6797
6233.3335	40.6797
6266.6665	4.1253
6300	0.9426
6333.3335	1.4872
6366.6665	1.8502
6400	2.0193
6433.3335	3.7087
6466.6665	4.0572
6500	4.1521
6533.3335	4.4512
6566.6665	46.3376
6600	44.9556
6633.3335	44.0913
6666.6665	46.7749
6700	46.7295
6733.3335	46.4572
6766.6665	46.416
6800	46.3974
6833.3335	47.1296
6866.6665	46.812
6900	45.956
6933.3335	45.7992
6966.6665	46.0591
7000	46.0859
7033.3335	46.1622
7066.6665	46.1767
7100	46.2943
7133.3335	46.319
7166.6665	46.3273
7200	46.3046
7233.3335	43.388
7266.6665	43.4272
7300	43.454
7333.3335	43.2209
7366.6665	43.324
7400	42.7197
7433.3335	42.9177
7466.6665	42.9115
7500	42.9012
7533.3335	42.8867
7566.6665	43.489
7600	43.5489
7633.3335	44.2316
7666.6665	44.2378
7700	44.3038
7733.3335	44.2502
7766.6665	44.3079
7800	44.2894
7833.3335	44.2955
7866.6665	44.2667
7900	44.2316
7933.3335	44.0975
7966.6665	44.213
8000	44.3059
8033.3335	44.246
8066.6665	58.7362
8100	47.767
8133.3335	46.8986
8166.6665	47.1915
8200	47.1853
8233.333	41.9482
8266.667	41.8967
8300	41.5275
8333.333	41.7543
8366.667	41.742
8400	41.7853
8433.333	41.808
8466.667	41.8183
8500	41.7832
8533.333	41.841
8566.667	42.4845
8600	43.2353
8633.333	43.3158
8666.667	43.555
8700	43.4581
8733.333	43.4581
8766.667	43.5117
8800	43.5385
8833.333	43.4499
8866.667	43.4602
8900	45.0897
8933.333	44.9535
8966.667	44.6854
9000	44.4523
9033.333	44.6462
9066.667	44.838
9100	44.7101
9133.333	44.7968
9166.667	44.7369
9200	45.6321
9233.333	45.0794
9266.667	44.9783
9300	44.9412
9333.333	49.316
9366.667	47.8743
9400	47.9526
9433.333	47.538
9466.667	46.6284
9500	46.3128
9533.333	46.2736
9566.667	45.3021
9600	46.3912
9633.333	46.5418
9666.667	46.3933
9700	46.4696
9733.333	46.4304
9766.667	46.4613
9800	46.2365
9833.333	46.2819
9866.667	46.2592
9900	44.5018
9933.333	44.2832
9966.667	44.0047
10000	44.1677
10033.333	44.2667
10066.667	44.1573
10100	44.2295
10133.333	44.1842
10166.667	44.1656
10200	44.1883
10233.333	43.7696
10266.667	43.8397
10300	43.8665
10333.333	43.9573
10366.667	44.0563
10400	44.0769
10433.333	43.9428
10466.667	44.013
10500	43.9985
10533.333	44.7844
10566.667	44.8174
10600	44.8772
10633.333	45.0092
10666.667	44.8978
10700	44.937
10733.333	45.001
10766.667	52.1584
10800	57.3955
10833.333	48.5982
10866.667	47.8825
10900	73.9359
10933.333	51.6737
10966.667	65.0995
11000	53.9632
11033.333	54.8522
11066.667	54.3757
11100	62.022
11133.333	63.3215
11166.667	63.3731
11200	62.4242
11233.333	60.5596
11266.667	56.9004
11300	55.3741
11333.333	54.7346
11366.667	54.6233
11400	54.5325
11433.333	54.5325
11466.667	54.1282
11500	54.5758
11533.333	54.1076
11566.667	44.7246
11600	44.508
11633.333	44.5286
11666.667	44.6978
11700	44.6833
11733.333	44.6483
11766.667	44.4791
11800	64.6643
11833.333	47.9217
11866.667	47.3606
11900	47.4308
11933.333	47.5318
11966.667	47.4246
12000	47.3957
12033.333	59.9263
12066.667	56.5003
12100	52.4389
12133.333	52.4307
12166.667	50.1411
12200	49.6853
12233.333	47.7051
12266.667	47.7299
12300	47.767
12333.333	48.0743
12366.667	48.031
12400	47.8825
12433.333	47.8825
12466.667	47.7876
12500	47.8062
12533.333	47.8082
12566.667	45.0237
12600	44.7741
12633.333	44.7596
12666.667	44.7823
12700	44.7741
12733.333	44.7865
12766.667	44.836
12800	44.8174
12833.333	44.7761
12866.667	44.8009
12900	45.6239
12933.333	45.3516
12966.667	45.7312
13000	45.4238
13033.333	45.793
13066.667	45.8178
13100	45.1949
13133.333	44.9102
13166.667	44.9618
13200	44.9164
13233.333	55.0688
13266.667	52.4967
13300	53.4661
13333.333	53.365
13366.667	52.5606
13400	52.6947
13433.333	52.3213
13466.667	52.3873
13500	52.6926
13533.333	52.179
13566.667	47.0925
13600	47.3091
13633.333	51.1559
13666.667	47.7649
13700	47.7237
13733.333	47.7051
13766.667	47.6123
13800	47.6556
13833.333	47.6329
13866.667	47.6288
13900	45.3887
13933.333	45.4383
13966.667	45.1454
14000	45.4279
14033.333	45.4548
14066.667	45.4053
14100	45.4341
14133.333	45.5208
14166.667	45.5063
14200	45.3227
14233.333	43.1198
14266.667	43.9696
14300	43.9614
14333.333	44.0171
14366.667	43.9944
14400	43.9552
14433.333	43.9614
14466.667	43.8954
14500	44.0955
14533.333	43.947
14566.667	45.1845
14600	45.102
14633.333	45.135
14666.667	44.8009
14700	45.0443
14733.333	45.0608
14766.667	45.5043
14800	45.3784
14833.333	45.2506
14866.667	45.2588
14900	45.8157
14933.333	45.727
14966.667	46.3149
15000	46.1684
15033.333	46.1891
15066.667	46.1664
15100	46.0736
15133.333	46.4386
15166.667	46.5253
15200	46.5748
15233.333	46.1622
15266.667	46.1787
15300	46.1994
15333.333	46.2138
15366.667	46.1911
15400	46.088
15433.333	46.2427
15466.667	46.2943
15500	46.319
15533.333	46.3953
15566.667	43.982
15600	43.8851
15633.333	43.8129
15666.667	43.7737
15700	43.6582
15733.333	43.5117
15766.667	43.4664
15800	43.5798
15833.333	43.5798
15866.667	43.5798
15900	43.7943
15933.333	43.8789
15966.667	43.7159
16000	43.8273
16033.333	43.9635
16066.667	44.0047
16100	44.0996
16133.333	44.1656
16166.667	44.1367
16200	44.838
16233.333	45.694
16266.667	45.9457
16300	45.9745
16333.333	45.397
16366.667	45.793
16400	45.9106
16433.334	46.0055
16466.666	46.2386
16500	46.2819
16533.334	46.0653
16566.666	44.4193
16600	44.3533
16633.334	44.8525
16666.666	44.8277
16700	45.0072
16733.334	44.9659
16766.666	45.0917
16800	45.0237
16833.334	45.1165
16866.666	45.0938
16900	45.4981
16933.334	45.4981
16966.666	45.628
17000	45.4321
17033.334	45.6713
17066.666	45.76
17100	46.2056
17133.334	46.3438
17166.666	46.1148
17200	46.1148
17233.334	45.1784
17266.666	45.2444
17300	45.166
17333.334	45.3372
17366.666	45.3331
17400	45.56
17433.334	45.5373
17466.666	45.5641
17500	45.4795
17533.334	45.496
17566.666	54.4974
17600	54.0478
17633.334	53.5919
17666.666	53.7054
17700	55.1286
17733.334	51.9934
17766.666	52.1728
17800	52.2306
17833.334	52.8473
17866.666	51.9913
17900	47.0306
17933.334	46.8739
17966.666	47.8474
18000	47.7814
18033.334	47.7278
18066.666	47.7422
18100	47.9629
18133.334	47.866
18166.666	47.9588
18200	47.9671
18233.334	43.5715
18266.666	43.6932
18300	43.8356
18333.334	43.9119
18366.666	43.9449
18400	43.6499
18433.334	43.7304
18466.666	43.817
18500	43.7902
18533.334	43.817
18566.666	46.8697
18600	46.5211
18633.334	46.3788
18666.666	46.2386
18700	46.4304
18733.334	46.3995
18766.666	46.5418
18800	46.7315
18833.334	46.6428
18866.666	46.6202
18900	48.4229
18933.334	47.9712
18966.666	48.5487
19000	49.017
19033.334	50.4464
19066.666	50.7702
19100	51.3457
19133.334	50.1205
19166.666	49.7575
19200	49.7265
19233.334	47.4493
19266.666	47.9836
19300	49.84
19333.334	48.5384
19366.666	48.4889
19400	48.2765
19433.334	48.2022
19466.666	49.0768
19500	49.0335
19533.334	49.083
19566.666	48.6436
19600	48.1362
19633.334	47.7175
19666.666	47.7216
19700	47.7319
19733.334	49.9122
19766.666	50.2525
19800	50.7166
19833.334	50.2401
19866.666	49.1098
19900	47.6639
19933.334	48.8231
19966.666	48.8169
20000	48.2744
20033.334	49.9864
20066.666	49.1737
20100	48.8685
20133.334	48.3713
20166.666	48.1589
20200	56.1641
20233.334	51.8387
20266.666	51.5788
20300	51.4633
20333.334	51.5417
20366.666	51.4488
20400	51.191
20433.334	51.1353
20466.666	51.2384
20500	51.0487
20533.334	51.0466
20566.666	48.6292
20600	48.427
20633.334	48.7653
20666.666	48.8231
20700	48.8148
20733.334	49.0438
20766.666	48.9262
20800	48.9076
20833.334	48.9551
20866.666	48.6086
20900	47.4906
20933.334	47.3916
20966.666	47.3895
21000	47.3937
21033.334	47.4102
21066.666	47.3689
21100	47.3648
21133.334	47.371
21166.666	47.3813
21200	47.47
21233.334	47.7814
21266.666	47.6886
21300	47.4143
21333.334	47.5958
21366.666	47.6659
21400	47.7629
21433.334	47.7938
21466.666	47.9114
21500	47.932
21533.334	47.9052
21566.666	47.1131
21600	46.9873
21633.334	47.0739
21666.666	47.1564
21700	47.1668
21733.334	47.2245
21766.666	47.2534
21800	47.2534
21833.334	47.2245
21866.666	47.6432
21900	47.5154
21933.334	47.3648
21966.666	47.3462
22000	46.944
22033.334	60.4503
22066.666	56.0403
22100	52.0718
22133.334	51.7438
22166.666	51.8882
22200	53.5713
22233.334	50.7991
22266.666	50.6877
22300	50.8445
22333.334	50.8754
22366.666	50.6588
22400	50.8197
22433.334	55.8299
22466.666	54.3572
22500	54.318
22533.334	53.3795
22566.666	57.1026
22600	53.2248
22633.334	51.8902
22666.666	50.9043
22700	51.6242
22733.334	51.6221
22766.666	51.6262
22800	51.3622
22833.334	51.3828
22866.666	51.4055
22900	45.7621
22933.334	45.958
22966.666	46.0014
23000	46.0694
23033.334	46.0117
23066.666	46.0674
23100	46.0467
23133.334	46.1189
23166.666	46.0901
23200	46.121
23233.334	46.8553
23266.666	46.8553
23300	46.5438
23333.334	46.7336
23366.666	48.8024
23400	48.0145
23433.334	47.4823
23466.666	47.0987
23500	47.4823
23533.334	47.472
23566.666	47.3545
23600	47.4267
23633.334	47.4535
23666.666	47.5855
23700	48.4456
23733.334	48.6457
23766.666	48.6189
23800	46.3726
23833.334	46.2963
23866.666	46.7604
23900	46.6779
23933.334	46.8099
23966.666	46.8574
24000	46.9481
24033.334	46.9357
24066.666	46.8491
24100	46.8223
24133.334	47.6102
24166.666	47.3421
24200	47.5339
24233.334	46.8842
24266.666	47.3998
24300	47.505
24333.334	47.3545
24366.666	49.5904
24400	49.6708
24433.334	49.7038
24466.666	49.316
24500	53.0804
24533.334	49.1675
24566.666	48.9778
24600	48.986
24633.334	49.2397
24666.666	49.2851
24700	49.2769
24733.334	49.3903
24766.666	50.6093
24800	48.8953
24833.334	48.7096
24866.666	48.4559
24900	50.0504
24933.334	49.4625
24966.666	49.6296
25000	49.4068
25033.334	49.6172
25066.666	49.6089
25100	49.5306
25133.334	47.2616
25166.666	47.8124
25200	47.8928
25233.334	47.8144
25266.666	47.7959
25300	47.8062
25333.334	47.7938
25366.666	47.8516
25400	47.8186
25433.334	47.8639
25466.666	46.6222
25500	46.4861
25533.334	46.1437
25566.666	47.0966
25600	47.076
25633.334	48.0516
25666.666	48.0228
25700	47.571
25733.334	47.5339
25766.666	49.5244
25800	50.8218
25833.334	54.0395
25866.666	51.4715
25900	51.7273
25933.334	51.8407
25966.666	51.948
26000	51.9088
26033.334	51.3684
26066.666	50.9476
26100	51.1993
26133.334	46.4985
26166.666	46.5748
26200	46.5521
26233.334	46.2901
26266.666	46.5108
26300	46.5975
26333.334	46.6098
26366.666	46.583
26400	46.7295
26433.334	46.7295
26466.666	44.3244
26500	44.3224
26533.334	44.5802
26566.666	44.7555
26600	45.0072
26633.334	44.9123
26666.666	44.9308
26700	44.9267
26733.334	44.9081
26766.666	44.8999
26800	44.409
26833.334	44.5162
26866.666	44.5946
26900	44.6936
26933.334	44.739
26966.666	44.8545
27000	44.8442
27033.334	44.8195
27066.666	44.7617
27100	45.036
27133.334	47.6412
27166.666	47.4762
27200	47.1317
27233.334	47.4019
27266.666	47.5607
27300	47.7546
27333.334	47.7814
27366.666	47.7257
27400	47.7113
27433.334	47.7134
27466.666	45.4321
27500	46.0179
27533.334	51.0116
27566.666	48.8169
27600	48.6312
27633.334	48.7241
27666.666	48.3549
27700	48.3817
27733.334	48.4023
27766.666	48.3713
27800	47.1173
27833.334	47.0966
27866.666	46.9192
27900	46.9399
27933.334	47.0017
27966.666	46.9605
28000	46.8986
28033.334	46.9151
28066.666	46.8347
28100	46.8739
28133.334	46.253
28166.666	46.5913
28200	46.5913
28233.334	46.7377
28266.666	46.8079
28300	46.779
28333.334	46.8367
28366.666	46.8388
28400	46.878
28433.334	46.7975
28466.666	49.7533
28500	49.5203
28533.334	49.1675
28566.666	49.2397
28600	49.2872
28633.334	49.182
28666.666	49.0912
28700	49.085
28733.334	49.0768
28766.666	49.085
28800	49.5553
28833.334	49.4047
28866.666	49.1923
28900	49.3759
28933.334	49.4068
28966.666	49.5017
29000	49.578
29033.334	49.6646
29066.666	49.5883
29100	49.5821
29133.334	46.7377
29166.666	46.7769
29200	46.7068
29233.334	46.6387
29266.666	47.4865
29300	47.5133
29333.334	47.4885
29366.666	47.6061
29400	47.5318
29433.334	48.0186
29466.666	46.4283
29500	46.4386
29533.334	46.2613
29566.666	46.0715
29600	46.2654
29633.334	46.319
29666.666	46.416
29700	46.4201
29733.334	46.5665
29766.666	46.5727
29800	49.512
29833.334	49.5058
29866.666	49.7822
29900	49.8482
29933.334	49.8792
29966.666	49.8028
30000	49.8111
30033.334	49.8709
30066.666	49.9472
30100	49.9328
30133.334	47.4597
30166.666	47.4184
30200	47.437
30233.334	47.1441
30266.666	47.6845
30300	47.7835
30333.334	48.4085
30366.666	48.3652
30400	48.3858
30433.334	48.4765
30466.666	49.4089
30500	49.8812
30533.334	50.0277
30566.666	49.9823
30600	50.005
30633.334	49.6316
30666.666	49.6584
30700	49.7038
30733.334	49.6832
30766.666	49.6894
30800	47.8949
30833.334	47.9196
30866.666	47.5422
30900	47.8454
30933.334	49.5079
30966.666	50.0689
31000	50.1329
31033.334	49.9617
31066.666	49.974
31100	49.974
31133.334	48.3652
31166.666	48.6189
31200	49.6296
31233.334	50.1019
31266.666	50.1411
31300	49.7286
31333.334	49.7265
31366.666	49.4811
31400	49.6481
31433.334	54.9842
31466.666	53.1443
31500	52.9504
31533.334	53.6414
31566.666	53.134
31600	53.1732
31633.334	53.1072
31666.666	53.2207
31700	53.4207
31733.334	53.5692
31766.666	53.2929
31800	47.9341
31833.334	47.9258
31866.666	47.9011
31900	47.7381
31933.334	48.1775
31966.666	48.1733
32000	48.2187
32033.334	48.2352
32066.666	48.2703
32100	48.2208
32133.334	48.4683
32166.666	48.361
32200	48.9551
32233.334	49.0149
32266.666	49.0458
32300	48.9592
32333.334	48.986
32366.666	48.9633
32400	49.0087
32433.334	49.0087
32466.666	50.2711
32500	50.7785
32533.334	50.7743
32566.666	50.7083
32600	50.6898
32633.334	50.7372
32666.666	50.795
32700	50.8156
32733.334	50.828
32766.666	50.7599
32800	49.7203
32833.332	49.6131
32866.668	49.4996
32900	49.6832
32933.332	49.7492
32966.668	49.8523
33000	49.9328
33033.332	49.941
33066.668	49.8276
33100	49.8296
33133.332	53.8374
33166.668	53.7549
33200	53.3465
33233.332	53.2
33266.668	53.1547
33300	53.1505
33333.332	53.2
33366.668	53.231
33400	53.264
33433.332	53.299
33466.668	47.2018
33500	47.0451
33533.332	47.1234
33566.668	46.9667
33600	47.0224
33633.332	47.1193
33666.668	47.1111
33700	47.1379
33733.332	47.2142
33766.668	47.1771
33800	48.2228
33833.332	48.5797
33866.668	48.5921
33900	48.6024
33933.332	48.7468
33966.668	48.7344
34000	48.7344
34033.332	48.6869
34066.668	48.7261
34100	48.8334
34133.332	54.0622
34166.668	53.8848
34200	54.0478
34233.332	54.0086
34266.668	54.0065
34300	54.0354
34333.332	54.0292
34366.668	53.9446
34400	53.9673
34433.332	53.99
34466.668	49.8565
34500	49.8606
34533.332	49.8028
34566.668	49.776
34600	50.2607
34633.332	50.2999
34666.668	50.3721
34700	50.2381
34733.332	50.2339
34766.668	50.2442
34800	50.9352
34833.332	50.9992
34866.668	51.1828
34900	51.5107
34933.332	51.618
34966.668	51.684
35000	51.6633
35033.332	52.014
35066.668	52.0532
35100	52.6802
35133.332	50.8115
35166.668	50.7063
35200	50.8094
35233.332	50.4608
35266.668	50.5351
35300	48.9798
35333.332	48.9778
35366.668	48.9427
35400	48.8416
35433.332	48.6746
35466.668	52.6741
35500	53.0453
35533.332	53.0474
35566.668	52.9113
35600	52.8432
35633.332	52.9236
35666.668	52.9422
35700	52.9628
35733.332	52.9257
35766.668	52.8927
35800	51.4777
35833.332	51.3766
35866.668	51.2075
35900	51.4509
35933.332	51.4241
35966.668	52.6534
36000	52.837
36033.332	52.8308
36066.668	52.7504
36100	52.7256
36133.332	51.1002
36166.668	50.6939
36200	50.7496
36233.332	50.4959
36266.668	50.7352
36300	50.7805
36333.332	50.7908
36366.668	50.7764
36400	50.7434
36433.332	50.7578
36466.668	51.0177
36500	50.8032
36533.332	51.0363
36566.668	51.0961
36600	51.059
36633.332	51.059
36666.668	51.1064
36700	51.0281
36733.332	50.9249
36766.668	50.993
36800	53.4269
36833.332	53.3382
36866.668	53.0433
36900	52.7957
36933.332	53.5981
36966.668	53.6497
37000	53.5899
37033.332	53.594
37066.668	54.0663
37100	54.0581
37133.332	54.8667
37166.668	54.6645
37200	54.186
37233.332	54.4582
37266.668	54.5964
37300	54.712
37333.332	54.679
37366.668	54.7305
37400	54.6975
37433.332	54.6583
37466.668	53.396
37500	53.7425
37533.332	53.7549
37566.668	53.7611
37600	53.8374
37633.332	53.7693
37666.668	53.889
37700	53.889
37733.332	53.5094
37766.668	53.5156
37800	53.0536
37833.332	52.8349
37866.668	52.7277
37900	53.3609
37933.332	53.297
37966.668	53.3733
38000	53.3052
38033.332	53.3589
38066.668	53.3155
38100	53.3093
38133.332	53.889
38166.668	54.2479
38200	53.2021
38233.332	53.7343
38266.668	53.7982
38300	53.7219
38333.332	53.7322
38366.668	53.8415
38400	53.8168
38433.332	53.8188
38466.668	52.8844
38500	52.9154
38533.332	52.9051
38566.668	52.5235
38600	52.7792
38633.332	52.8906
38666.668	52.9174
38700	52.837
38733.332	52.8453
38766.668	52.9381
38800	53.2145
38833.332	52.4719
38866.668	53.3527
38900	53.2
38933.332	53.2248
38966.668	54.4026
39000	53.4269
39033.332	53.4517
39066.668	51.9727
39100	52.3069
39133.332	50.8342
39166.668	50.7723
39200	50.6526
39233.332	50.8342
39266.668	50.4484
39300	50.5083
39333.332	50.3989
39366.668	50.4072
39400	50.8259
39433.332	50.8238
39466.668	51.5808
39500	51.8201
39533.332	52.2904
39566.668	51.8304
39600	51.9191
39633.332	52.2038
39666.668	52.5647
39700	52.8597
39733.332	58.9796
39766.668	54.3242
39800	55.075
39833.332	54.6336
39866.668	54.745
39900	54.1922
39933.332	56.0692
39966.668	58.2639
40000	58.0885
40033.332	57.9895
40066.668	57.8678
40100	57.447
40133.332	50.4423
40166.668	52.0223
40200	51.2116
40233.332	51.8923
40266.668	52.2925
40300	53.8498
40333.332	55.1224
40366.668	54.7945
40400	54.7573
40433.332	54.7718
40466.668	55.5185
40500	55.4875
40533.332	55.4194
40566.668	55.1946
40600	55.5948
40633.332	55.504
40666.668	55.8464
40700	56.2115
40733.332	56.1785
40766.668	56.1703
40800	52.6142
40833.332	52.4121
40866.668	52.4575
40900	52.7648
40933.332	52.6864
40966.668	52.7297
41000	52.7071
41033.332	52.7277
41066.668	53.0845
41100	53
41133.332	53.8972
41166.668	53.7776
41200	53.4166
41233.332	53.7961
41266.668	53.9261
41300	54.0663
41333.332	54.0189
41366.668	54.2767
41400	54.2974
41433.332	54.3737
41466.668	54.2169
41500	54.5717
41533.332	54.714
41566.668	55.2544
41600	54.9925
41633.332	56.261
41666.668	56.2136
41700	56.2589
41733.332	56.2198
41766.668	55.6319
41800	55.3926
41833.332	55.3431
41866.668	56.7395
41900	56.8736
41933.332	56.3476
41966.668	56.49
42000	56.2713
42033.332	56.0073
42066.668	56.1084
42100	56.1249
42133.332	56.2775
42166.668	56.2136
42200	56.1434
42233.332	55.8918
42266.668	56.1888
42300	56.3085
42333.332	56.36
42366.668	56.3745
42400	56.5395
42433.332	56.7457
42466.668	53.1443
42500	52.573
42533.332	52.8886
42566.668	52.8267
42600	53.2557
42633.332	53.2062
42666.668	53.2268
42700	53.2186
42733.332	53.2165
42766.668	53.2165
42800	57.3728
42833.332	57.348
42866.668	57.5295
42900	57.4924
42933.332	57.2222
42966.668	57.2758
43000	57.2449
43033.332	57.2965
43066.668	57.214
43100	57.2098
43133.332	53.7487
43166.668	53.8415
43200	53.4579
43233.332	53.7013
43266.668	53.7549
43300	53.7466
43333.332	55.0564
43366.668	55.0977
43400	55.0977
43433.332	55.1719
43466.668	55.1101
43500	55.4813
43533.332	55.3576
43566.668	55.2957
43600	55.405
43633.332	55.4359
43666.668	55.8505
43700	55.766
43733.332	55.7825
43766.668	55.6484
43800	54.1344
43833.332	54.2314
43866.668	54.7532
43900	54.45
43933.332	53.8456
43966.668	53.9921
44000	53.9343
44033.332	53.9261
44066.668	53.9178
44100	53.9838
44133.332	55.9846
44166.668	56.0176
44200	54.1365
44233.332	56.6343
44266.668	57.3315
44300	57.4223
44333.332	66.8321
44366.668	62.2159
44400	55.1637
44433.332	57.6781
44466.668	55.0461
44500	55.8031
44533.332	57.4078
44566.668	57.2841
44600	60.8298
44633.332	59.5365
44666.668	58.1669
44700	58.1442
44733.332	57.7812
44766.668	60.4111
44800	61.0773
44833.332	60.3554
44866.668	60.0295
44900	57.3769
44933.332	57.3068
44966.668	57.2531
45000	57.2738
45033.332	60.8752
45066.668	60.9474
45100	60.739
45133.332	56.1723
45166.668	54.6501
45200	55.2606
45233.332	55.5783
45266.668	55.6876
45300	56.228
45333.332	56.1393
45366.668	56.1166
45400	56.1311
45433.332	56.3373
45466.668	52.9216
45500	52.9092
45533.332	52.7751
45566.668	52.5833
45600	52.837
45633.332	52.7689
45666.668	52.6967
45700	52.3977
45733.332	52.4575
45766.668	52.507
45800	59.7036
45833.332	58.27
45866.668	57.5089
45900	57.1727
45933.332	57.0634
45966.668	62.6491
46000	59.4478
46033.332	58.9363
46066.668	58.9404
46100	55.4091
46133.332	58.8909
46166.668	58.0658
46200	58.0617
46233.332	80.9304
46266.668	60.5451
46300	61.7105
46333.332	61.9189
46366.668	58.4516
46400	62.2654
46433.332	61.5393
46466.668	54.582
46500	58.0493
46533.332	56.4467
46566.668	56.7725
46600	56.8654
46633.332	56.2321
46666.668	56.2033
46700	56.1991
46733.332	56.2218
46766.668	56.1228
46800	54.8708
46833.332	55.0853
46866.668	54.846
46900	54.9884
46933.332	55.1286
46966.668	55.0255
47000	55.044
47033.332	55.0482
47066.668	55.1327
47100	55.1265
47133.332	53.4352
47166.668	53.6786
47200	53.9116
47233.332	58.0576
47266.668	57.247
47300	53.825
47333.332	53.8312
47366.668	53.957
47400	53.8271
47433.332	58.2308
47466.668	55.964
47500	58.7568
47533.332	58.631
47566.668	57.7585
47600	57.8121
47633.332	55.867
47666.668	66.2649
47700	69.5136
47733.332	64.8458
47766.668	65.2954
47800	55.1245
47833.332	54.8646
47866.668	65.0046
47900	58.0287
47933.332	75.4726
47966.668	71.9021
48000	62.2097
48033.332	62.7481
48066.668	59.6293
48100	61.8096
48133.332	63.8763
48166.668	63.7093
48200	64.4229
48233.332	64.4003
48266.668	57.4058
48300	62.1581
48333.332	59.2972
48366.668	59.0147
48400	62.3603
48433.332	63.0678
48466.668	60.0501
48500	60.0006
48533.332	59.223
48566.668	59.0889
48600	59.2168
48633.332	59.3921
48666.668	59.3756
48700	59.3344
48733.332	59.3385
48766.668	59.3344
48800	53.429
48833.332	53.0474
48866.668	52.7627
48900	53.0391
48933.332	53.2083
48966.668	53.099
49000	52.87
49033.332	53.4971
49066.668	52.7751
49100	52.9814
49133.332	75.947
49166.668	59.8686
49200	59.7345
49233.332	59.9924
49266.668	56.3064
49300	60.5493
49333.332	57.8946
49366.668	57.9008
49400	64.7035
49433.332	56.7272
49466.668	56.9871
49500	56.6797
49533.332	56.3291
49566.668	59.3261
49600	58.3979
49633.332	58.499
49666.668	58.6434
49700	58.7114
49733.332	58.5052
49766.668	58.5609
49800	50.2793
49833.332	50.2092
49866.668	50.8321
49900	50.8837
49933.332	50.927
49966.668	50.828
50000	50.7805
50033.332	50.8012
50066.668	50.8404
50100	50.8857
50133.332	54.3861
50166.668	54.2252
50200	54.1901
50233.332	54.1695
50266.668	54.1509
50300	54.2314
50333.332	54.3056
50366.668	54.3015
50400	54.5346
50433.332	54.549
50466.668	55.9454
50500	55.7268
50533.332	54.912
50566.668	55.5783
50600	55.6133
50633.332	55.6587
50666.668	55.634
50700	55.6071
50733.332	55.5556
50766.668	55.5556
50800	51.1828
50833.332	60.3698
50866.668	61.0691
50900	61.2299
50933.332	61.9704
50966.668	55.7536
51000	55.9392
51033.332	56.0073
51066.668	55.9124
51100	61.362
51133.332	60.6524
51166.668	60.6565
51200	60.6318
51233.332	54.7223
51266.668	58.2123
51300	59.0126
51333.332	59.0394
51366.668	59.4664
51400	59.4581
51433.332	59.4293
51466.668	53.7796
51500	53.8395
51533.332	53.8663
51566.668	53.9426
51600	53.9013
51633.332	53.9921
51666.668	53.9364
51700	53.9859
51733.332	53.9096
51766.668	53.9591
51800	53.9818
51833.332	54.1509
51866.668	54.1324
51900	53.9199
51933.332	53.7508
51966.668	53.693
52000	54.0065
52033.332	55.1884
52066.668	54.7676
52100	54.6934
52133.332	56.3188
52166.668	53.6353
52200	57.2449
52233.332	55.3287
52266.668	56.8076
52300	62.8223
52333.332	55.1513
52366.668	62.317
52400	56.6179
52433.332	56.4075
52466.668	57.4904
52500	56.1414
52533.332	56.688
52566.668	56.7086
52600	56.657
52633.332	56.5704
52666.668	56.624
52700	54.6315
52733.332	56.9066
52766.668	74.1546
52800	86.1984
52833.332	84.2244
52866.668	59.916
52900	59.2539
52933.332	59.0023
52966.668	70.0499
53000	91.3963
53033.332	91.1158
53066.668	85.8973
53100	57.346
53133.332	56.8138
53166.668	56.7395
53200	62.3211
53233.332	66.3103
53266.668	67.9295
53300	68.7855
53333.332	55.9743
53366.668	55.733
53400	73.084
53433.332	72.7767
53466.668	56.5395
53500	59.2127
53533.332	59.1199
53566.668	57.1686
53600	70.1221
53633.332	66.7084
53666.668	66.4691
53700	71.1266
53733.332	63.274
53766.668	62.7522
53800	62.4552
53833.332	53.5981
53866.668	54.2458
53900	54.9265
53933.332	55.5432
53966.668	55.7062
54000	55.6546
54033.332	55.6422
54066.668	55.3741
54100	54.7594
54133.332	54.7615
54166.668	66.2092
54200	65.7183
54233.332	65.1758
54266.668	64.7096
54300	59.4891
54333.332	58.0431
54366.668	58.1978
54400	57.8967
54433.332	62.286
54466.668	62.7852
54500	57.1975
54533.332	57.3315
54566.668	57.3315
54600	57.0799
54633.332	57.5935
54666.668	57.5399
54700	59.8562
54733.332	59.6273
54766.668	58.4454
54800	58.6166
54833.332	53.9756
54866.668	56.3745
54900	57.2738
54933.332	54.4438
54966.668	56.2899
55000	53.3424
55033.332	52.8308
55066.668	57.579
55100	54.1633
55133.332	60.6256
55166.668	67.4901
55200	67.4076
55233.332	67.6407
55266.668	59.8418
55300	59.5736
55333.332	59.5303
55366.668	59.5303
55400	65.9411
55433.332	65.3573
55466.668	64.8643
55500	60.2089
55533.332	57.3728
55566.668	57.9689
55600	58.1834
55633.332	58.3546
55666.668	58.598
55700	58.9652
55733.332	59.0745
55766.668	59.1364
55800	59.1364
55833.332	56.7746
55866.668	56.9664
55900	56.9541
55933.332	56.9664
55966.668	56.9211
56000	56.9066
56033.332	57.0366
56066.668	57.6904
56100	57.7234
56133.332	57.6884
56166.668	63.3648
56200	57.2862
56233.332	61.2114
56266.668	61.331
56300	61.0814
56333.332	66.6444
56366.668	62.449
56400	63.0595
56433.332	63.4143
56466.668	58.0019
56500	69.1402
56533.332	57.8926
56566.668	58.4185
56600	82.5289
56633.332	62.581
56666.668	65.4419
56700	65.3408
56733.332	60.772
56766.668	61.7002
56800	61.6879
56833.332	60.8236
56866.668	60.8133
56900	60.8195
56933.332	61.56
56966.668	61.5002
57000	61.6384
57033.332	61.4981
57066.668	61.56
57100	61.5002
57133.332	61.4733
57166.668	64.392
57200	64.5261
57233.332	64.4931
57266.668	64.2332
57300	64.3652
57333.332	64.4745
57366.668	64.3982
57400	64.5075
57433.332	64.4621
57466.668	63.7423
57500	59.1797
57533.332	59.258
57566.668	59.2519
57600	72.8819
57633.332	70.9904
57666.668	67.2034
57700	66.8424
57733.332	57.1438
57766.668	61.1309
57800	63.7856
57833.332	63.6371
57866.668	70.4768
57900	67.3952
57933.332	60.9453
57966.668	60.8504
58000	59.225
58033.332	66.8528
58066.668	67.1807
58100	67.2343
58133.332	67.7624
58166.668	56.3291
58200	56.0589
58233.332	55.3101
58266.668	55.3679
58300	77.7745
58333.332	73.5069
58366.668	70.1757
58400	70.1571
58433.332	60.1141
58466.668	58.6496
58500	58.5258
58533.332	59.4148
58566.668	61.5785
58600	61.9065
58633.332	61.8735
58666.668	61.7147
58700	60.6277
58733.332	60.7019
58766.668	60.7225
58800	66.1989
58833.332	68.8721
58866.668	68.8061
58900	68.7978
58933.332	63.2101
58966.668	62.7522
59000	62.8079
59033.332	63.2988
59066.668	68.2657
59100	65.8854
59133.332	66.7393
59166.668	57.8389
59200	57.5894
59233.332	66.8466
59266.668	60.7927
59300	60.9082
59333.332	61.2258
59366.668	59.192
59400	59.5179
59433.332	59.5138
59466.668	59.487
59500	84.4163
59533.332	68.2739
59566.668	68.5565
59600	68.6019
59633.332	58.0844
59666.668	68.507
59700	62.9296
59733.332	63.9609
59766.668	71.9124
59800	67.8552
59833.332	63.4824
59866.668	63.3916
59900	63.4762
59933.332	63.5608
59966.668	63.4556
60000	63.3359
60033.332	63.4102
60066.668	63.2493
60100	63.175
60133.332	63.1606
60166.668	59.7304
60200	59.5076
60233.332	59.6933
60266.668	59.749
60300	59.784
60333.332	59.7366
60366.668	59.8067
60400	59.8397
60433.332	59.8026
60466.668	59.9924
60500	60.4874
60533.332	60.0811
60566.668	59.7448
60600	59.7098
60633.332	58.8455
60666.668	60.0377
60700	59.9429
60733.332	60.1532
60766.668	63.6268
60800	56.9252
60833.332	59.5695
60866.668	59.5241
60900	59.7242
60933.332	69.0557
60966.668	71.7907
61000	69.6415
61033.332	69.757
61066.668	63.1585
61100	62.0963
61133.332	62.6367
61166.668	59.9305
61200	60.8257
61233.332	61.1908
61266.668	61.0876
61300	61.0959
61333.332	60.2502
61366.668	61.1248
61400	61.0257
61433.332	61.0959
61466.668	61.067
61500	61.595
61533.332	61.6858
61566.668	61.7374
61600	61.7023
61633.332	61.7209
61666.668	61.7064
61700	61.725
61733.332	61.7085
61766.668	61.8549
61800	61.9086
61833.332	62.6821
61866.668	62.4428
61900	62.2695
61933.332	62.449
61966.668	62.7068
62000	62.8615
62033.332	62.9069
62066.668	62.8409
62100	62.2118
62133.332	91.9862
62166.668	69.8725
62200	70.9017
62233.332	70.8419
62266.668	59.0477
62300	61.2712
62333.332	59.2333
62366.668	59.8707
62400	87.8196
62433.332	58.5794
62466.668	68.5276
62500	77.7044
62533.332	57.3377
62566.668	63.4865
62600	69.2454
62633.332	69.1732
62666.668	64.2229
62700	64.3012
62733.332	66.8445
62766.668	65.2501
62800	65.1902
62833.332	58.3257
62866.668	58.3113
62900	59.3529
62933.332	60.5555
62966.668	60.7102
63000	60.6029
63033.332	60.6875
63066.668	77.5208
63100	70.2974
63133.332	68.4575
63166.668	74.3979
63200	73.4532
63233.332	73.2325
63266.668	76.11
63300	60.6483
63333.332	79.7485
63366.668	57.1438
63400	57.7379
63433.332	76.5844
63466.668	114.4073
63500	72.523
63533.332	68.144
63566.668	64.0434
63600	68.4657
63633.332	68.6184
63666.668	68.2038
63700	68.0285
63733.332	67.8903
63766.668	68.2327
63800	64.7344
63833.332	68.3028
63866.668	85.7611
63900	82.1494
63933.332	81.4275
63966.668	60.8401
64000	62.5542
64033.332	63.9857
64066.668	64.1507
64100	64.1754
64133.332	64.1424
64166.668	61.6837
64200	62.6367
64233.332	60.2213
64266.668	61.5497
64300	91.8583
64333.332	99.3932
64366.668	63.1379
64400	58.1091
64433.332	57.4202
64466.668	59.9759
64500	69.0474
64533.332	92.308
64566.668	87.4546
64600	84.0471
64633.332	79.1524
64666.668	78.2531
64700	69.8147
64733.332	69.792
64766.668	66.2876
64800	82.8548
64833.332	148.6948
64866.668	63.963
64900	97.7245
64933.332	86.7698
64966.668	69.4352
65000	87.3308
65033.332	101.8973
65066.668	90.5094
65100	87.3411
65133.332	87.5309
65166.668	58.9053
65200	60.9886
65233.332	60.0171
65266.668	58.4866
65300	59.1054
65333.332	74.6352
65366.668	94.6615
65400	74.0679
65433.332	58.2907
65466.668	62.5748
65500	59.7077
65533.332	59.6396
65566.6641	59.3612
65600	77.8158
65633.3359	109.8199
65666.6641	64.4518
65700	62.3623
65733.3359	63.5504
65766.6641	63.0967
65800	62.8553
65833.3359	79.9651
65866.6641	78.8698
65900	76.4895
65933.3359	78.5006
65966.6641	65.1882
66000	69.9942
66033.3359	58.3257
66066.6641	64.5776
66100	63.4432
66133.3359	110.6986
66166.6641	137.6493
66200	61.7374
66233.3359	61.5084
66266.6641	65.2274
66300	65.2274
66333.3359	65.4996
66366.6641	89.8906
66400	90.5547
66433.3359	64.9716
66466.6641	78.5996
66500	77.6322
66533.3359	72.0011
66566.6641	58.2288
66600	65.3346
66633.3359	80.425
66666.6641	92.2399
66700	60.8566
66733.3359	60.6173
66766.6641	60.508
66800	60.3574
66833.3359	59.1446
66866.6641	59.7345
66900	112.522
66933.3359	65.5801
66966.6641	62.909
67000	91.452
67033.3359	108.0419
67066.6641	62.4531
67100	65.0211
67133.3359	117.4889
67166.6641	109.3744
67200	76.4565
67233.3359	59.1075
67266.6641	63.5855
67300	67.7253
67333.3359	67.6242
67366.6641	67.8222
67400	76.4152
67433.3359	70.8935
67466.6641	68.8577
67500	68.8886
67533.3359	68.6163
67566.6641	68.5008
67600	68.3399
67633.3359	68.4554
67666.6641	68.2471
67700	68.2739
67733.3359	68.3234
67766.6641	68.5256
67800	68.3729
67833.3359	65.5698
67866.6641	65.2398
67900	66.7269
67933.3359	70.3448
67966.6641	55.5226
68000	87.8836
68033.3359	65.9906
68066.6641	58.4289
68100	75.7428
68133.3359	70.3923
68166.6641	62.6161
68200	62.6222
68233.3359	62.6202
68266.6641	62.3541
68300	62.5789
68333.3359	62.515
68366.6641	62.317
68400	62.3293
68433.3359	64.6436
68466.6641	66.2154
68500	65.3367
68533.3359	65.2872
68566.6641	65.5306
68600	65.3676
68633.3359	65.4481
68666.6641	81.2522
68700	85.3424
68733.3359	152.323
68766.6641	102.2851
68800	82.3557
68833.3359	87.2174
68866.6641	91.9738
68900	147.3912
68933.3359	113.0913
68966.6641	181.949
69000	81.1346
69033.3359	115.1498
69066.6641	63.5999
69100	143.9672
69133.3359	79.3648
69166.6641	185.8577
69200	133.2992
69233.3359	78.4366
69266.6641	140.5391
69300	62.5645
69333.3359	157.7478
69366.6641	80.0063
69400	94.2593
69433.3359	74.4825
69466.6641	128.2993
69500	96.1961
69533.3359	66.6094
69566.6641	61.8962
69600	75.716
69633.3359	73.2759
69666.6641	73.3769
69700	123.0044
69733.3359	88.1992
69766.6641	67.9893
69800	78.6058
69833.3359	66.2525
69866.6641	62.1499
69900	95.5237
69933.3359	79.2596
69966.6641	76.7721
70000	77.2155
70033.3359	73.0366
70066.6641	66.6609
70100	60.8628
70133.3359	72.8901
70166.6641	70.8357
70200	84.8144
70233.3359	64.8767
70266.6641	66.9641
70300	117.656
70333.3359	70.054
70366.6641	76.0336
70400	61.461
70433.3359	115.9811
70466.6641	59.7386
70500	75.5737
70533.3359	96.9325
70566.6641	76.2523
70600	65.2521
70633.3359	79.3689
70666.6641	62.1066
70700	62.2984
70733.3359	108.6133
70766.6641	60.5018
70800	60.2914
70833.3359	95.3401
70866.6641	77.4631
70900	74.7053
70933.3359	74.0205
70966.6641	72.9541
71000	72.721
71033.3359	68.7421
71066.6641	68.5565
71100	68.7318
71133.3359	68.7586
71166.6641	98.0236
71200	58.8063
71233.3359	58.6991
71266.6641	63.3029
71300	61.3063
71333.3359	64.359
71366.6641	73.082
71400	72.7767
71433.3359	73.4801
71466.6641	73.412
71500	55.339
71533.3359	55.6092
71566.6641	55.537
71600	73.7173
71633.3359	73.0283
71666.6641	71.9805
71700	72.2404
71733.3359	70.5243
71766.6641	66.7641
71800	66.6733
71833.3359	81.2583
71866.6641	74.8765
71900	72.5973
71933.3359	72.9231
71966.6641	66.9559
72000	67.4489
72033.3359	67.156
72066.6641	67.0281
72100	67.6923
72133.3359	67.123
72166.6641	65.2542
72200	65.2274
72233.3359	59.093
72266.6641	65.0665
72300	64.7427
72333.3359	64.9304
72366.6641	69.7075
72400	63.0038
