0	11.192
33.3333	3.6612
66.6667	2.3287
100	5.8683
133.3333	6.4726
166.6667	3.2982
200	0.4723
233.3333	35.2013
266.6667	5.0968
300	2.7908
333.3333	0.4311
366.6667	44.4007
400	25.6326
433.3333	6.584
466.6667	0.5734
500	49.5924
533.3333	4.0923
566.6667	59.2663
600	16.4951
633.3333	15.406
666.6667	7.2049
700	26.8248
733.3333	7.0172
766.6667	4.5048
800	2.306
833.3333	2.2462
866.6667	1.8626
900	40.8138
933.3333	25.909
966.6667	8.5868
1000	1.3098
1033.3334	6.6026
1066.6666	5.5795
1100	6.5056
1133.3334	1.8915
1166.6666	3.6509
1200	4.7709
1233.3334	38.9739
1266.6666	0.4187
1300	1.3118
1333.3334	4.2388
1366.6666	48.7034
1400	105.6328
1433.3334	49.5677
1466.6666	49.6543
1500	40.3187
1533.3334	12.3491
1566.6666	43.619
1600	51.2653
1633.3334	45.8611
1666.6666	3.7478
1700	1.1345
1733.3334	3.5354
1766.6666	3.3786
1800	1.5119
1833.3334	1.9141
1866.6666	0.9591
1900	46.9254
1933.3334	0.9963
1966.6666	44.9927
2000	43.1136
2033.3334	31.5215
2066.6667	10.0616
2100	5.1731
2133.3333	3.6922
2166.6667	31.4184
2200	28.1326
2233.3333	79.0864
2266.6667	15.0099
2300	47.2451
2333.3333	20.5152
2366.6667	19.4055
2400	61.8281
2433.3333	31.9835
2466.6667	20.0635
2500	32.7199
2533.3333	68.4162
2566.6667	55.6814
2600	47.1317
2633.3333	10.5051
2666.6667	1.547
2700	55.9392
2733.3333	35.7479
2766.6667	12.1614
2800	20.4471
2833.3333	36.4079
2866.6667	83.1415
2900	50.0565
2933.3333	7.6174
2966.6667	4.0923
3000	115.4964
3033.3333	76.176
3066.6667	79.3566
3100	79.6557
3133.3333	47.8227
3166.6667	6.8026
3200	12.8648
3233.3333	55.1761
3266.6667	6.3777
3300	4.4553
3333.3333	4.7627
3366.6667	55.0832
3400	64.72
3433.3333	7.9866
3466.6667	6.0539
3500	0.9694
3533.3333	14.3829
3566.6667	50.2917
3600	2.2689
3633.3333	4.9731
3666.6667	6.1467
3700	25.4491
3733.3333	5.4495
3766.6667	0.7549
3800	34.9228
3833.3333	29.9415
3866.6667	30.55
3900	54.8728
3933.3333	69.6456
3966.6667	19.1951
4000	8.3146
4033.3333	1.5882
4066.6667	69.2537
4100	46.682
4133.3335	42.7217
4166.6665	26.7073
4200	9.3088
4233.3335	49.3738
4266.6665	61.8941
4300	12.3161
4333.3335	30.5603
4366.6665	13.2629
4400	4.2862
4433.3335	1.1943
4466.6665	1.0004
4500	1.613
4533.3335	3.0362
4566.6665	44.6049
4600	2.0503
4633.3335	24.6322
4666.6665	9.3768
4700	23.2812
4733.3335	4.4553
4766.6665	11.4333
4800	13.8095
4833.3335	2.9187
4866.6665	0.8416
4900	51.5107
4933.3335	43.6314
4966.6665	22.8439
5000	26.041
5033.3335	55.9537
5066.6665	41.6492
5100	5.367
5133.3335	1.8481
5166.6665	0.6167
5200	1.7759
5233.3335	45.8363
5266.6665	1.0664
5300	0.8704
5333.3335	4.1088
5366.6665	3.7004
5400	0.7116
5433.3335	10.3545
5466.6665	11.3549
5500	14.9295
5533.3335	5.9219
5566.6665	44.6709
5600	3.3291
5633.3335	3.1084
5666.6665	1.7244
5700	14.2055
5733.3335	0.922
5766.6665	1.7368
5800	0.1815
5833.3335	0.7157
5866.6665	0.05775
5900	43.982
5933.3335	1.6769
5966.6665	3.2136
6000	2.8568
6033.3335	0.9859
6066.6665	0.7921
6100	0.2681
6133.3335	0.5796
6166.6665	0.2145
6200	0
6233.3335	39.9041
6266.6665	3.2899
6300	2.2359
6333.3335	0.4703
6366.6665	0.2846
6400	2.1018
6433.3335	0.559
6466.6665	0.9612
6500	0.2991
6533.3335	47.3565
6566.6665	8.1351
6600	3.3147
6633.3335	12.0521
6666.6665	6.2994
6700	3.82
6733.3335	0.4992
6766.6665	0.1712
6800	4.4533
6833.3335	4.2532
6866.6665	42.138
6900	0.8911
6933.3335	3.6055
6966.6665	0.4888
7000	1.0293
7033.3335	0.3898
7066.6665	0.7405
7100	0.3259
7133.3335	0.1526
7166.6665	0.5425
7200	41.249
7233.3335	0.4558
7266.6665	0.5012
7300	3.4715
7333.3335	5.1773
7366.6665	2.535
7400	1.8564
7433.3335	0.9839
7466.6665	0.3197
7500	0.2867
7533.3335	39.0543
7566.6665	0.8766
7600	11.4993
7633.3335	1.0375
7666.6665	0.6642
7700	0.5115
7733.3335	0.2681
7766.6665	0.2455
7800	0.2207
7833.3335	0.07426
7866.6665	39.4813
7900	3.1868
7933.3335	1.5181
7966.6665	1.087
8000	0.526
8033.3335	31.5937
8066.6665	24.3146
8100	4.9978
8133.3335	3.8035
8166.6665	0.1588
8200	43.3797
8233.333	1.0169
8266.667	3.7066
8300	3.1352
8333.333	0.6889
8366.667	1.3799
8400	0.4063
8433.333	0.5755
8466.667	0.6456
8500	0.09901
8533.333	36.08
8566.667	12.7348
8600	0.9509
8633.333	2.1369
8666.667	0.2743
8700	0.1609
8733.333	0.1031
8766.667	0.1341
8800	0.3073
8833.333	0.03919
8866.667	40.3538
8900	0.297
8933.333	0.8416
8966.667	3.2528
9000	3.1724
9033.333	0.6497
9066.667	0.7219
9100	0.3259
9133.333	0.361
9166.667	6.4107
9200	42.9734
9233.333	0.8725
9266.667	2.9867
9300	15.7525
9333.333	4.4079
9366.667	0.6023
9400	1.7512
9433.333	5.8518
9466.667	1.0086
9500	0.526
9533.333	43.421
9566.667	4.1253
9600	0.7982
9633.333	0.8044
9666.667	0.724
9700	0.5219
9733.333	0.5219
9766.667	0.5301
9800	0.1155
9833.333	0.02681
9866.667	40.4899
9900	1.4191
9933.333	2.9723
9966.667	2.9723
10000	0.8168
10033.333	1.0045
10066.667	0.6085
10100	0.627
10133.333	0.2826
10166.667	0.08044
10200	38.186
10233.333	2.8011
10266.667	0.8931
10300	1.5099
10333.333	0.5817
10366.667	0.3589
10400	0.5177
10433.333	0.3094
10466.667	0.1093
10500	11.2105
10533.333	39.9619
10566.667	1.5243
10600	0.7137
10633.333	3.6055
10666.667	3.3848
10700	0.46
10733.333	16.0805
10766.667	13.3392
10800	23.7515
10833.333	6.0415
10866.667	70.5697
10900	49.0149
10933.333	43.7551
10966.667	33.9988
11000	12.3821
11033.333	1.4377
11066.667	45.1206
11100	5.4165
11133.333	0.559
11166.667	60.3904
11200	49.0458
11233.333	38.2004
11266.667	19.1249
11300	5.7878
11333.333	11.9964
11366.667	4.2326
11400	12.3924
11433.333	3.1559
11466.667	5.9714
11500	1.4542
11533.333	47.8681
11566.667	3.5952
11600	5.532
11633.333	3.4323
11666.667	0.8313
11700	0.8643
11733.333	2.665
11766.667	41.8472
11800	40.3559
11833.333	2.1864
11866.667	44.9577
11900	2.3824
11933.333	3.8695
11966.667	1.778
12000	41.6677
12033.333	13.0876
12066.667	13.8796
12100	0.8746
12133.333	7.4998
12166.667	3.2157
12200	45.4279
12233.333	6.7449
12266.667	1.4191
12300	12.0686
12333.333	1.0705
12366.667	0.7261
12400	0.4909
12433.333	0.3135
12466.667	0.6704
12500	0.1464
12533.333	37.7177
12566.667	1.1819
12600	3.5993
12633.333	0.7859
12666.667	0.7591
12700	1.6501
12733.333	1.2995
12766.667	0.4146
12800	0.4249
12833.333	0.5239
12866.667	37.6703
12900	0.9818
12933.333	2.8135
12966.667	3.6488
13000	3.3271
13033.333	0.7178
13066.667	4.6121
13100	0.8457
13133.333	0.5466
13166.667	0.4868
13200	48.1011
13233.333	8.5827
13266.667	12.8421
13300	1.1035
13333.333	22.5655
13366.667	10.204
13400	2.4195
13433.333	1.2995
13466.667	5.6971
13500	4.3048
13533.333	45.168
13566.667	2.3865
13600	17.4893
13633.333	16.5673
13666.667	1.052
13700	0.856
13733.333	0.1423
13766.667	0.229
13800	0.3651
13833.333	0.02475
13866.667	42.6929
13900	1.2623
13933.333	3.0115
13966.667	2.7619
14000	0.7982
14033.333	1.3655
14066.667	0.561
14100	1.2788
14133.333	0.3197
14166.667	1.1324
14200	37.363
14233.333	12.8668
14266.667	0.7797
14300	0.9468
14333.333	0.3403
14366.667	0.1712
14400	0.1134
14433.333	0.4455
14466.667	0.4682
14500	0.3589
14533.333	39.8299
14566.667	0.2805
14600	1.1798
14633.333	3.457
14666.667	3.6633
14700	0.7137
14733.333	1.9616
14766.667	0.9179
14800	1.2046
14833.333	0.363
14866.667	39.2193
14900	0.8354
14933.333	4.3089
14966.667	0.6456
15000	1.3572
15033.333	0.4063
15066.667	0.5342
15100	1.021
15133.333	0.3507
15166.667	0.2434
15200	41.5955
15233.333	1.4067
15266.667	0.2681
15300	0.1671
15333.333	0.46
15366.667	0.4373
15400	0.6704
15433.333	0.09282
15466.667	0.1238
15500	0.1341
15533.333	38.2499
15566.667	1.4583
15600	3.3188
15633.333	2.9805
15666.667	1.0066
15700	1.5243
15733.333	0.6683
15766.667	0.6002
15800	0.4002
15833.333	0
15866.667	34.7516
15900	3.2404
15933.333	1.7966
15966.667	1.4356
16000	0.8663
16033.333	0.4249
16066.667	0.4785
16100	0.3465
16133.333	0.2434
16166.667	12.116
16200	38.4912
16233.333	0.8292
16266.667	0.7879
16300	3.5643
16333.333	3.0816
16366.667	0.5136
16400	1.1386
16433.334	0.8189
16466.666	0.6415
16500	0.7405
16533.334	38.9264
16566.666	1.6047
16600	3.5519
16633.334	0.4662
16666.666	0.7405
16700	0.7178
16733.334	0.4682
16766.666	0.3321
16800	0.1918
16833.334	0.1464
16866.666	39.1533
16900	1.3366
16933.334	1.3923
16966.666	3.3518
17000	2.7598
17033.334	1.0416
17066.666	12.0294
17100	0.5796
17133.334	0.5879
17166.666	0
17200	39.6154
17233.334	3.2012
17266.666	0.8086
17300	0.856
17333.334	1.1303
17366.666	0.5239
17400	0.295
17433.334	0.262
17466.666	0.2826
17500	0.02063
17533.334	48.0021
17566.666	2.0255
17600	3.2858
17633.334	1.9286
17666.666	33.0355
17700	20.6637
17733.334	3.9789
17766.666	1.1798
17800	7.1059
17833.334	2.9723
17866.666	45.3805
17900	4.1377
17933.334	5.3052
17966.666	11.9552
18000	1.7863
18033.334	0.3568
18066.666	1.351
18100	0.295
18133.334	0.5466
18166.666	0.2764
18200	41.9895
18233.334	1.2355
18266.666	3.3848
18300	1.0911
18333.334	0.5239
18366.666	1.3634
18400	1.2809
18433.334	0.6312
18466.666	0.2496
18500	0.3981
18533.334	39.1863
18566.666	0.6374
18600	0.79
18633.334	2.9785
18666.666	2.7578
18700	1.4377
18733.334	1.5986
18766.666	0.8746
18800	0.6621
18833.334	0.2785
18866.666	42.9528
18900	1.6068
18933.334	12.0005
18966.666	2.8403
19000	12.5636
19033.334	1.4748
19066.666	2.238
19100	6.1096
19133.334	1.8894
19166.666	0.3197
19200	42.3422
19233.334	5.53
19266.666	6.1261
19300	4.6059
19333.334	0.7921
19366.666	1.7388
19400	0.2888
19433.334	3.4158
19466.666	0.4187
19500	0.1485
19533.334	45.8425
19566.666	1.58
19600	4.0944
19633.334	3.6674
19666.666	1.087
19700	6.0291
19733.334	0.9385
19766.666	1.875
19800	1.9822
19833.334	6.2787
19866.666	45.0711
19900	11.8438
19933.334	0.8931
19966.666	4.049
20000	6.2045
20033.334	1.7038
20066.666	1.8399
20100	1.4583
20133.334	1.3717
20166.666	22.0271
20200	47.8351
20233.334	0.6724
20266.666	1.0808
20300	3.6096
20333.334	3.1992
20366.666	2.4896
20400	1.0788
20433.334	0.7632
20466.666	1.2128
20500	0.361
20533.334	40.1063
20566.666	2.7062
20600	4.311
20633.334	0.6642
20666.666	1.2582
20700	1.7141
20733.334	1.0829
20766.666	0.3775
20800	0.3115
20833.334	2.6608
20866.666	44.2398
20900	0.6931
20933.334	0.1588
20966.666	0.1279
21000	0.3878
21033.334	0.231
21066.666	0.2063
21100	0.1299
21133.334	0.08869
21166.666	0.6085
21200	39.5679
21233.334	0.7322
21266.666	3.03
21300	3.2507
21333.334	0.4744
21366.666	0.9715
21400	0.7487
21433.334	0.4682
21466.666	0.3383
21500	0.1712
21533.334	37.5486
21566.666	3.2776
21600	0.8457
21633.334	0.9901
21666.666	0.5342
21700	0.5652
21733.334	0.1279
21766.666	0.1568
21800	0.2929
21833.334	11.3632
21866.666	40.8901
21900	0.9591
21933.334	0.7611
21966.666	3.4962
22000	37.9653
22033.334	9.3191
22066.666	34.7723
22100	9.7337
22133.334	3.3209
22166.666	11.6788
22200	56.0754
22233.334	2.207
22266.666	3.2549
22300	1.7636
22333.334	1.8213
22366.666	13.465
22400	20.2491
22433.334	3.688
22466.666	0.8313
22500	3.4384
22533.334	62.2943
22566.666	13.5805
22600	7.4029
22633.334	8.4858
22666.666	10.9713
22700	1.3469
22733.334	11.8685
22766.666	3.0816
22800	0.4579
22833.334	0.1134
22866.666	46.4015
22900	3.2611
22933.334	1.318
22966.666	1.0086
23000	0.8581
23033.334	0.592
23066.666	0.3053
23100	0.2908
23133.334	0.396
23166.666	0.08044
23200	41.249
23233.334	1.0932
23266.666	3.0589
23300	2.5783
23333.334	6.7923
23366.666	2.7103
23400	43.1466
23433.334	44.4832
23466.666	3.6509
23500	0.8395
23533.334	1.2479
23566.666	0.757
23600	0.2991
23633.334	0.5115
23666.666	11.3384
23700	1.285
23733.334	0.3775
23766.666	40.0011
23800	1.0458
23833.334	3.5251
23866.666	0.9653
23900	1.3531
23933.334	0.3527
23966.666	0.4208
24000	0.1939
24033.334	2.6526
24066.666	0.6332
24100	41.9792
24133.334	1.0272
24166.666	1.6357
24200	4.4161
24233.334	3.3663
24266.666	0.6167
24300	1.4047
24333.334	7.0832
24366.666	1.8708
24400	0.9694
24433.334	42.5774
24466.666	23.2482
24500	19.4488
24533.334	2.6485
24566.666	11.6375
24600	3.2611
24633.334	0.2145
24666.666	0.2846
24700	0.6662
24733.334	11.2518
24766.666	47.3565
24800	1.6955
24833.334	3.8386
24866.666	12.7369
24900	2.073
24933.334	1.6398
24966.666	1.5759
25000	1.2541
25033.334	0.5322
25066.666	0.2186
25100	44.5369
25133.334	3.6447
25166.666	1.6893
25200	1.3861
25233.334	0.4847
25266.666	0.3898
25300	0.2516
25333.334	0.2186
25366.666	0.1733
25400	0.3589
25433.334	38.7243
25466.666	1.1262
25500	3.2549
25533.334	11.9799
25566.666	0.9529
25600	2.6959
25633.334	0.2764
25666.666	1.4707
25700	0.2475
25733.334	9.6924
25766.666	47.4927
25800	10.7629
25833.334	10.9919
25866.666	4.443
25900	1.7388
25933.334	0.7549
25966.666	0.5425
26000	6.3282
26033.334	2.5453
26066.666	1.7038
26100	44.279
26133.334	0.5466
26166.666	0.6869
26200	3.1002
26233.334	3.0053
26266.666	0.4744
26300	1.0313
26333.334	2.0565
26366.666	0.856
26400	0.3259
26433.334	39.4339
26466.666	0.8313
26500	11.6643
26533.334	1.0829
26566.666	0.6807
26600	0.231
26633.334	0.1629
26666.666	0.1815
26700	0.1093
26733.334	0.09488
26766.666	37.462
26800	3.4281
26833.334	0.7508
26866.666	0.9241
26900	0.5899
26933.334	0.5239
26966.666	0.2702
27000	0.66
27033.334	0.462
27066.666	0.7694
27100	37.5342
27133.334	1.0025
27166.666	3.2652
27200	2.9187
27233.334	0.6662
27266.666	0.9529
27300	0.4517
27333.334	0.526
27366.666	0.5095
27400	0.002063
27433.334	39.2936
27466.666	11.9345
27500	13.76
27533.334	5.6806
27566.666	1.2046
27600	0.7116
27633.334	3.0342
27666.666	0.3568
27700	0.2475
27733.334	0.5136
27766.666	41.0097
27800	0.2846
27833.334	0.9942
27866.666	2.6938
27900	2.8135
27933.334	1.283
27966.666	0.9406
28000	0.4538
28033.334	0.6002
28066.666	0.2867
28100	38.0746
28133.334	1.4686
28166.666	3.5024
28200	1.0705
28233.334	1.085
28266.666	0.3837
28300	0.2599
28333.334	0.08044
28366.666	0.07219
28400	0.3527
28433.334	42.699
28466.666	1.5738
28500	0.8766
28533.334	0.2125
28566.666	0.2496
28600	0.4393
28633.334	0.5033
28666.666	0.2001
28700	0.1444
28733.334	0.01238
28766.666	40.5766
28800	0.8808
28833.334	2.9145
28866.666	2.7578
28900	0.6992
28933.334	0.9942
28966.666	0.79
29000	0.6188
29033.334	1.0086
29066.666	0.04744
29100	40.1702
29133.334	3.6323
29166.666	1.5222
29200	0.7652
29233.334	2.1844
29266.666	0.3403
29300	0.2145
29333.334	0.2867
29366.666	0.4043
29400	10.8042
29433.334	39.5556
29466.666	1.1695
29500	0.8828
29533.334	3.0734
29566.666	2.8795
29600	0.5322
29633.334	1.0953
29666.666	0.4208
29700	0.7364
29733.334	0.2908
29766.666	36.5317
29800	0.8931
29833.334	3.6179
29866.666	0.9447
29900	1.5573
29933.334	0.658
29966.666	0.2681
30000	0.2578
30033.334	0.2042
30066.666	0.1918
30100	39.5514
30133.334	0.8746
30166.666	0.5177
30200	3.4859
30233.334	3.6757
30266.666	0.9034
30300	11.6437
30333.334	0.7034
30366.666	0.4703
30400	0.2351
30433.334	40.6426
30466.666	5.3608
30500	0.9055
30533.334	2.7351
30566.666	0.8354
30600	1.219
30633.334	0.4476
30666.666	0.2063
30700	0.4414
30733.334	0.2248
30766.666	39.801
30800	1.6212
30833.334	3.2611
30866.666	2.7289
30900	4.1212
30933.334	1.7739
30966.666	0.7034
31000	0.6662
31033.334	0.5363
31066.666	0
31100	41.15
31133.334	3.9129
31166.666	4.5461
31200	11.194
31233.334	0.6085
31266.666	6.0312
31300	0.2537
31333.334	3.6035
31366.666	0.6869
31400	10.3236
31433.334	46.2901
31466.666	1.5759
31500	4.1728
31533.334	3.8778
31566.666	2.073
31600	1.2995
31633.334	1.5656
31666.666	0.8601
31700	1.0767
31733.334	1.5759
31766.666	42.5155
31800	0.3919
31833.334	0.4249
31866.666	3.2487
31900	3.5086
31933.334	0.9777
31966.666	1.3036
32000	0.4785
32033.334	0.3321
32066.666	0.6683
32100	40.0032
32133.334	0.5445
32166.666	11.9098
32200	1.1283
32233.334	0.9096
32266.666	0.6105
32300	0.1011
32333.334	0.1506
32366.666	0.2228
32400	0
32433.334	37.1196
32466.666	3.5725
32500	0.9323
32533.334	1.0231
32566.666	0.7405
32600	0.6209
32633.334	0.3259
32666.666	0.2145
32700	0.3507
32733.334	0.1836
32766.666	38.1963
32800	0.7508
32833.332	3.1827
32866.668	2.7454
32900	1.0561
32933.332	0.8622
32966.668	0.5219
33000	0.3424
33033.332	0.3321
33066.668	0.002063
33100	41.9111
33133.332	13.0236
33166.668	4.8555
33200	1.0128
33233.332	0.6931
33266.668	0.3507
33300	1.646
33333.332	0.4105
33366.668	0.6559
33400	0.2372
33433.332	42.7919
33466.668	1.0066
33500	1.3861
33533.332	3.1105
33566.668	3.4921
33600	1.021
33633.332	1.3655
33666.668	0.4105
33700	0.5549
33733.332	0.4744
33766.668	36.936
33800	2.8733
33833.332	3.7499
33866.668	0.7941
33900	1.0685
33933.332	0.9323
33966.668	0.3094
34000	0.3568
34033.332	0.2702
34066.668	0.6559
34100	41.2387
34133.332	1.7244
34166.668	0.8478
34200	0.7446
34233.332	0.3403
34266.668	0.264
34300	0.3073
34333.332	0.7776
34366.668	0.1052
34400	0.04744
34433.332	41.8925
34466.668	0.8663
34500	3.6261
34533.332	3.0342
34566.668	2.436
34600	1.1984
34633.332	0.7817
34666.668	0.5095
34700	0.2104
34733.332	0.03507
34766.668	37.2825
34800	3.8015
34833.332	0.7034
34866.668	1.3593
34900	1.1716
34933.332	0.8787
34966.668	0.1196
35000	1.8564
35033.332	0.2166
35066.668	10.7959
35100	39.3885
35133.332	0.3486
35166.668	0.7714
35200	3.1167
35233.332	0.7219
35266.668	37.3753
35300	0.7776
35333.332	0.8601
35366.668	0.5837
35400	0.493
35433.332	38.0003
35466.668	4.4718
35500	0.8478
35533.332	1.217
35566.668	0.7776
35600	0.7817
35633.332	0.2661
35666.668	0.198
35700	0.5652
35733.332	0.6931
35766.668	40.5766
35800	1.7512
35833.332	3.3456
35866.668	3.3415
35900	0.4063
35933.332	11.8644
35966.668	1.6852
36000	0.2042
36033.332	0.7817
36066.668	0.3053
36100	40.6508
36133.332	1.1737
36166.668	0.6002
36200	2.9393
36233.332	3.1476
36266.668	0.3507
36300	0.361
36333.332	1.2603
36366.668	0.7013
36400	0.3445
36433.332	37.7095
36466.668	2.1575
36500	3.6736
36533.332	0.9385
36566.668	1.0066
36600	0.5074
36633.332	0.5466
36666.668	0.4084
36700	0.5528
36733.332	0.361
36766.668	40.1228
36800	1.5243
36833.332	1.1076
36866.668	3.424
36900	12.0851
36933.332	0.46
36966.668	0.6044
37000	0.3878
37033.332	2.7041
37066.668	0.033
37100	41.018
37133.332	1.7904
37166.668	3.7045
37200	2.9496
37233.332	0.4641
37266.668	2.3721
37300	0.7178
37333.332	0.3238
37366.668	0.363
37400	0.196
37433.332	39.6649
37466.668	2.8753
37500	1.1427
37533.332	1.0293
37566.668	0.6497
37600	0.5672
37633.332	0.7384
37666.668	0.3589
37700	1.4232
37733.332	0.1547
37766.668	38.4603
37800	1.3407
37833.332	3.3126
37866.668	11.5736
37900	1.0581
37933.332	0.3857
37966.668	0.2578
38000	0.1774
38033.332	0.1423
38066.668	0.3403
38100	36.6637
38133.332	1.0272
38166.668	6.2189
38200	1.4026
38233.332	1.2067
38266.668	0.4641
38300	0.4558
38333.332	0.4682
38366.668	0.1444
38400	0.2455
38433.332	38.9739
38466.668	0.1712
38500	0.5177
38533.332	3.5787
38566.668	3.2177
38600	0.7591
38633.332	0.955
38666.668	0.7487
38700	0.8622
38733.332	0.4682
38766.668	36.179
38800	2.2895
38833.332	11.5777
38866.668	0.7343
38900	2.7928
38933.332	2.2256
38966.668	2.8403
39000	0.06188
39033.332	40.855
39066.668	3.1146
39100	39.8216
39133.332	4.0882
39166.668	1.5882
39200	1.2623
39233.332	1.2727
39266.668	0.328
39300	0.5466
39333.332	0.4868
39366.668	0.7322
39400	0.01031
39433.332	38.0374
39466.668	3.3333
39500	1.9595
39533.332	2.7248
39566.668	0.4888
39600	1.0973
39633.332	1.1159
39666.668	0.8147
39700	11.883
39733.332	23.537
39766.668	54.1117
39800	1.8605
39833.332	2.4917
39866.668	4.8307
39900	26.1091
39933.332	6.6624
39966.668	1.8172
40000	1.5511
40033.332	0.8725
40066.668	1.3614
40100	47.701
40133.332	5.2887
40166.668	5.695
40200	2.7887
40233.332	1.8811
40266.668	15.7896
40300	18.9991
40333.332	1.6811
40366.668	0.6188
40400	1.4253
40433.332	43.7283
40466.668	0.3156
40500	1.3593
40533.332	3.2776
40566.668	3.4735
40600	0.627
40633.332	11.2662
40666.668	1.1737
40700	0.6683
40733.332	0.02475
40766.668	39.8051
40800	3.8448
40833.332	0.8663
40866.668	1.1819
40900	0.3053
40933.332	0.2578
40966.668	0.2537
41000	0.4208
41033.332	0.6002
41066.668	0.2867
41100	36.9277
41133.332	1.2871
41166.668	3.2569
41200	3.226
41233.332	1.5161
41266.668	1.2706
41300	0.5837
41333.332	1.0911
41366.668	0.3011
41400	1.5243
41433.332	37.792
41466.668	3.4199
41500	1.1406
41533.332	12.05
41566.668	1.1943
41600	2.4319
41633.332	0.2661
41666.668	0.9447
41700	0.4393
41733.332	0.9385
41766.668	38.7367
41800	1.7244
41833.332	4.379
41866.668	0.4105
41900	1.4418
41933.332	1.3098
41966.668	1.7038
42000	1.019
42033.332	0.361
42066.668	0.4827
42100	38.5593
42133.332	0.6621
42166.668	0.6188
42200	3.4611
42233.332	3.3209
42266.668	0.6064
42300	1.4212
42333.332	0.5219
42366.668	0.9942
42400	1.0932
42433.332	36.3935
42466.668	4.5977
42500	13.2278
42533.332	0.7549
42566.668	1.7203
42600	0.3259
42633.332	0.1691
42666.668	0.1856
42700	0.2702
42733.332	0
42766.668	40.0465
42800	4.0098
42833.332	1.481
42866.668	1.5511
42900	1.9575
42933.332	1.25
42966.668	0.3197
43000	0.3156
43033.332	0.9158
43066.668	0.01238
43100	39.8753
43133.332	1.252
43166.668	3.82
43200	3.4694
43233.332	1.0726
43266.668	1.7079
43300	3.0713
43333.332	0.5858
43366.668	0.4744
43400	0.4414
43433.332	41.8018
43466.668	12.1614
43500	0.7343
43533.332	0.4002
43566.668	1.219
43600	0.5219
43633.332	0.8973
43666.668	0.3527
43700	0.08663
43733.332	1.2355
43766.668	42.8001
43800	0.823
43833.332	1.9905
43866.668	3.3312
43900	4.8493
43933.332	0.8849
43966.668	1.2293
44000	0.5528
44033.332	1.0685
44066.668	0.3011
44100	41.1624
44133.332	0.2516
44166.668	27.5117
44200	21.0618
44233.332	6.4231
44266.668	0.5734
44300	20.3254
44333.332	7.9784
44366.668	21.9116
44400	11.8293
44433.332	51.8469
44466.668	12.5018
44500	5.1566
44533.332	0.8869
44566.668	7.8237
44600	4.3749
44633.332	2.8176
44666.668	0.7364
44700	1.6089
44733.332	7.8113
44766.668	46.2633
44800	1.9471
44833.332	3.3993
44866.668	13.4403
44900	2.7763
44933.332	0.4703
44966.668	1.4645
45000	10.2514
45033.332	0.691
45066.668	0.3032
45100	41.348
45133.332	14.0879
45166.668	6.8893
45200	2.5824
45233.332	0.7405
45266.668	1.6171
45300	0.8354
45333.332	0.1588
45366.668	0.2248
45400	11.258
45433.332	42.73
45466.668	1.1097
45500	0.7157
45533.332	3.4591
45566.668	3.2693
45600	0.7529
45633.332	2.1431
45666.668	1.3015
45700	0.592
45733.332	0.363
45766.668	40.6735
45800	6.3014
45833.332	4.2553
45866.668	1.7388
45900	1.5986
45933.332	11.9634
45966.668	6.7696
46000	1.2706
46033.332	0.132
46066.668	33.2624
46100	55.7082
46133.332	4.7111
46166.668	0.8003
46200	42.7155
46233.332	39.5721
46266.668	5.86
46300	12.7823
46333.332	37.9219
46366.668	40.2404
46400	4.3357
46433.332	44.3162
46466.668	10.3442
46500	4.0325
46533.332	2.3514
46566.668	0.6085
46600	1.3758
46633.332	0.4167
46666.668	0.0495
46700	0.328
46733.332	0.231
46766.668	42.666
46800	1.3036
46833.332	3.2136
46866.668	2.8403
46900	0.7962
46933.332	0.7962
46966.668	0.5466
47000	0.4167
47033.332	0.3197
47066.668	0.3486
47100	39.2111
47133.332	4.0964
47166.668	1.2067
47200	17.6687
47233.332	2.0977
47266.668	7.8855
47300	1.1035
47333.332	0.856
47366.668	0.5961
47400	7.7123
47433.332	41.5481
47466.668	5.3093
47500	4.6348
47533.332	2.304
47566.668	0.594
47600	7.1224
47633.332	20.8968
47666.668	8.1248
47700	8.7931
47733.332	3.061
47766.668	58.2515
47800	5.3959
47833.332	26.8682
47866.668	16.8932
47900	33.248
47933.332	7.9969
47966.668	18.7186
48000	1.3882
48033.332	9.0262
48066.668	6.5077
48100	44.9824
48133.332	0.5136
48166.668	11.3735
48200	0.5507
48233.332	19.589
48266.668	15.2307
48300	6.3922
48333.332	1.4212
48366.668	9.5006
48400	1.9698
48433.332	42.7155
48466.668	4.2821
48500	2.5185
48533.332	1.7842
48566.668	0.5775
48600	1.7099
48633.332	0.4002
48666.668	0.2228
48700	0.3011
48733.332	0.004125
48766.668	43.619
48800	2.7866
48833.332	3.424
48866.668	3.0404
48900	0.6188
48933.332	0.691
48966.668	1.2025
49000	3.424
49033.332	2.5907
49066.668	0.2929
49100	58.3237
49133.332	40.2775
49166.668	4.7255
49200	1.6604
49233.332	15.0636
49266.668	16.9571
49300	6.5572
49333.332	0.4187
49366.668	13.9931
49400	21.9198
49433.332	50.8857
49466.668	1.2933
49500	3.4694
49533.332	14.3045
49566.668	7.6112
49600	1.0788
49633.332	2.2772
49666.668	1.2562
49700	1.0148
49733.332	0.4022
49766.668	45.7146
49800	1.2005
49833.332	4.5956
49866.668	0.7735
49900	1.5986
49933.332	1.0437
49966.668	0.8643
50000	0.1485
50033.332	0.2125
50066.668	0.627
50100	39.9475
50133.332	1.9059
50166.668	0.4806
50200	0.2104
50233.332	0.3156
50266.668	0.6415
50300	0.1526
50333.332	0.0165
50366.668	0.6126
50400	0.04332
50433.332	40.03
50466.668	2.2648
50500	5.0556
50533.332	3.9541
50566.668	1.2025
50600	0.8952
50633.332	0.3795
50666.668	0.3115
50700	0.2372
50733.332	0
50766.668	43.4602
50800	22.5118
50833.332	3.3972
50866.668	2.1122
50900	2.2957
50933.332	15.4287
50966.668	1.9513
51000	0.8601
51033.332	0.7962
51066.668	20.9607
51100	45.6053
51133.332	0.3795
51166.668	0.8416
51200	35.8799
51233.332	26.7362
51266.668	6.9181
51300	1.3387
51333.332	2.4525
51366.668	1.085
51400	0.2846
51433.332	40.8674
51466.668	0.6497
51500	3.6282
51533.332	0.6415
51566.668	0.8127
51600	0.9406
51633.332	0.2826
51666.668	0.2888
51700	0.7281
51733.332	0.2104
51766.668	39.4607
51800	1.481
51833.332	0.6085
51866.668	4.6348
51900	4.311
51933.332	0.6807
51966.668	10.9115
52000	5.7527
52033.332	1.2953
52066.668	0.5734
52100	40.2465
52133.332	15.7443
52166.668	16.0557
52200	11.6024
52233.332	7.5761
52266.668	11.456
52300	14.6304
52333.332	13.6053
52366.668	10.6907
52400	1.7533
52433.332	43.2931
52466.668	6.683
52500	6.4376
52533.332	3.4776
52566.668	0.9261
52600	1.151
52633.332	1.0685
52666.668	29.2485
52700	27.7902
52733.332	27.5695
52766.668	50.038
52800	5.0432
52833.332	74.7073
52866.668	15.4225
52900	1.151
52933.332	53.9962
52966.668	35.1827
53000	4.311
53033.332	8.7127
53066.668	55.1472
53100	53.1505
53133.332	0.6435
53166.668	38.2953
53200	12.2109
53233.332	6.1983
53266.668	3.4838
53300	40.8385
53333.332	5.0803
53366.668	65.3862
53400	1.7801
53433.332	48.4683
53466.668	53.0474
53500	1.1572
53533.332	32.1527
53566.668	46.7769
53600	9.1479
53633.332	1.5882
53666.668	8.4321
53700	16.5487
53733.332	2.1472
53766.668	2.5948
53800	48.1878
53833.332	4.5337
53866.668	2.1947
53900	2.8609
53933.332	0.7157
53966.668	0.262
54000	0.09901
54033.332	0.528
54066.668	1.1262
54100	0.002063
54133.332	49.1778
54166.668	1.976
54200	3.8922
54233.332	4.1294
54266.668	13.6321
54300	4.8328
54333.332	0.6126
54366.668	1.1303
54400	9.0179
54433.332	1.6955
54466.668	43.5282
54500	3.3559
54533.332	2.1658
54566.668	1.5305
54600	2.4071
54633.332	0.7219
54666.668	3.9005
54700	0.5466
54733.332	2.8073
54766.668	11.0043
54800	44.0583
54833.332	7.7989
54866.668	2.0585
54900	7.9247
54933.332	5.5877
54966.668	9.9482
55000	5.3093
55033.332	13.5764
55066.668	8.0444
55100	11.0496
55133.332	46.2778
55166.668	0.9777
55200	3.1703
55233.332	17.2665
55266.668	2.3226
55300	0.559
55333.332	0.4538
55366.668	14.682
55400	1.2314
55433.332	1.5367
55466.668	45.0381
55500	11.0208
55533.332	8.7353
55566.668	3.7417
55600	2.9269
55633.332	0.9942
55666.668	11.1095
55700	0.9014
55733.332	0.297
55766.668	0
55800	38.8914
55833.332	2.9558
55866.668	1.2293
55900	1.0808
55933.332	0.6312
55966.668	0.3321
56000	0.3238
56033.332	1.6274
56066.668	0.3218
56100	0.2991
56133.332	40.0155
56166.668	28.6854
56200	23.5823
56233.332	4.6946
56266.668	0.7157
56300	11.7757
56333.332	7.7803
56366.668	2.4958
56400	1.0932
56433.332	22.2231
56466.668	55.1513
56500	30.088
56533.332	1.7182
56566.668	50.0545
56600	35.7685
56633.332	10.0431
56666.668	0.4187
56700	11.0827
56733.332	5.8744
56766.668	1.7863
56800	41.1727
56833.332	1.0664
56866.668	3.7272
56900	1.2149
56933.332	0.5466
56966.668	1.417
57000	1.4686
57033.332	0.33
57066.668	0.3156
57100	0.6951
57133.332	38.0416
57166.668	1.6151
57200	0.7714
57233.332	4.0181
57266.668	4.2326
57300	0.6167
57333.332	0.7611
57366.668	0.5672
57400	0.6064
57433.332	2.0895
57466.668	41.3893
57500	1.9636
57533.332	13.0257
57566.668	23.8484
57600	3.1497
57633.332	7.0378
57666.668	1.4294
57700	21.8889
57733.332	9.9069
57766.668	5.761
57800	43.258
57833.332	14.4386
57866.668	5.6971
57900	15.7113
57933.332	3.0197
57966.668	7.4998
58000	18.5804
58033.332	1.9038
58066.668	1.2293
58100	1.1386
58133.332	56.2301
58166.668	6.6892
58200	4.1769
58233.332	1.7904
58266.668	43.8211
58300	8.4383
58333.332	6.7222
58366.668	0.526
58400	24.7663
58433.332	5.7177
58466.668	44.7514
58500	13.1123
58533.332	6.1034
58566.668	0.8271
58600	0.4332
58633.332	0.625
58666.668	2.535
58700	0.2888
58733.332	0.6023
58766.668	13.4712
58800	45.3124
58833.332	0.5404
58866.668	0.3672
58900	16.297
58933.332	4.2614
58966.668	0.4888
59000	2.7516
59033.332	10.8372
59066.668	5.9322
59100	2.042
59133.332	44.4193
59166.668	1.7924
59200	19.6819
59233.332	11.0703
59266.668	2.1617
59300	1.1757
59333.332	7.4668
59366.668	3.0857
59400	0.2764
59433.332	0.5384
59466.668	59.9408
59500	31.2327
59533.332	3.0919
59566.668	0.6807
59600	38.5737
59633.332	34.5598
59666.668	14.5252
59700	2.5948
59733.332	17.0314
59766.668	7.0935
59800	48.8313
59833.332	1.3449
59866.668	3.1414
59900	3.6406
59933.332	1.12
59966.668	1.4892
60000	0.5115
60033.332	1.019
60066.668	0.5198
60100	0.08457
60133.332	42.1669
60166.668	3.3333
60200	0.7384
60233.332	1.087
60266.668	0.4063
60300	0.5054
60333.332	0.528
60366.668	0.1403
60400	0.2351
60433.332	11.0352
60466.668	39.4009
60500	1.7594
60533.332	0.8478
60566.668	2.9764
60600	7.8319
60633.332	5.7053
60666.668	0.8663
60700	1.2293
60733.332	6.7861
60766.668	16.7385
60800	44.3966
60833.332	1.3407
60866.668	2.3824
60900	18.5474
60933.332	7.3637
60966.668	4.4347
61000	1.4604
61033.332	14.1766
61066.668	4.0077
61100	2.6278
61133.332	46.1334
61166.668	2.3019
61200	1.3552
61233.332	3.6922
61266.668	4.0222
61300	3.1064
61333.332	12.1202
61366.668	0.8539
61400	0.429
61433.332	0.1114
61466.668	43.2415
61500	3.6385
61533.332	0.8436
61566.668	1.1489
61600	0.394
61633.332	0.229
61666.668	0.493
61700	0.231
61733.332	1.0128
61766.668	0.2021
61800	37.6868
61833.332	0.9653
61866.668	3.4281
61900	3.3229
61933.332	0.7611
61966.668	1.0334
62000	0.4084
62033.332	0.297
62066.668	1.9451
62100	44.3285
62133.332	62.5542
62166.668	7.1224
62200	1.384
62233.332	41.282
62266.668	13.729
62300	9.5377
62333.332	4.4863
62366.668	53.9178
62400	64.8664
62433.332	33.4336
62466.668	50.4546
62500	44.8091
62533.332	20.1377
62566.668	12.5409
62600	0.4558
62633.332	11.7406
62666.668	2.2359
62700	6.4087
62733.332	3.3972
62766.668	1.842
62800	45.4609
62833.332	0.8313
62866.668	2.337
62900	6.0044
62933.332	3.1414
62966.668	0.9571
63000	0.6002
63033.332	26.9692
63066.668	12.6482
63100	4.9132
63133.332	45.6631
63166.668	2.2978
63200	12.9844
63233.332	89.2862
63266.668	44.7761
63300	61.3145
63333.332	50.9332
63366.668	8.2382
63400	52.7854
63433.332	55.768
63466.668	81.1366
63500	67.5045
63533.332	51.6695
63566.668	13.2588
63600	4.9132
63633.332	5.662
63666.668	2.4896
63700	2.1225
63733.332	2.7186
63766.668	54.3056
63800	71.6897
63833.332	31.8268
63866.668	8.6693
63900	2.7598
63933.332	44.7163
63966.668	7.7618
64000	5.0205
64033.332	2.9661
64066.668	0.9529
64100	0.09488
64133.332	43.9263
64166.668	11.2827
64200	12.0067
64233.332	7.0997
64266.668	48.5673
64300	18.7887
64333.332	97.7513
64366.668	19.9294
64400	10.3092
64433.332	17.1922
64466.668	67.1353
64500	41.6141
64533.332	14.2303
64566.668	8.2424
64600	11.8005
64633.332	2.1947
64666.668	15.7979
64700	2.2627
64733.332	7.242
64766.668	29.5207
64800	97.7575
64833.332	120.0239
64866.668	83.8263
64900	116.175
64933.332	57.1768
64966.668	55.6422
65000	123.3138
65033.332	21.0577
65066.668	5.2928
65100	2.4174
65133.332	84.9608
65166.668	25.6677
65200	2.5556
65233.332	4.4347
65266.668	3.3951
65300	37.4434
65333.332	32.4023
65366.668	30.9687
65400	54.0189
65433.332	29.8611
65466.668	46.22
65500	1.0664
65533.332	24.8076
65566.6641	54.9223
65600	48.8354
65633.3359	72.2404
65666.6641	10.1215
65700	7.0914
65733.3359	2.9413
65766.6641	1.0623
65800	56.3786
65833.3359	8.4548
65866.6641	6.0848
65900	4.2594
65933.3359	27.2394
65966.6641	60.572
66000	46.9687
66033.3359	18.4876
66066.6641	45.593
66100	108.7845
66133.3359	59.5571
66166.6641	111.9548
66200	13.0422
66233.3359	14.3004
66266.6641	3.6839
66300	2.0627
66333.3359	44.7369
66366.6641	7.7143
66400	46.7006
66433.3359	27.2993
66466.6641	44.5348
66500	84.6679
66533.3359	48.2311
66566.6641	22.617
66600	28.6132
66633.3359	21.0061
66666.6641	50.4423
66700	2.4711
66733.3359	1.3799
66766.6641	2.6093
66800	43.2291
66833.3359	1.9513
66866.6641	73.7977
66900	69.3754
66933.3359	53.6353
66966.6641	85.0351
67000	26.796
67033.3359	69.7384
67066.6641	19.2178
67100	76.8113
67133.3359	49.7183
67166.6641	50.8094
67200	50.7434
67233.3359	27.027
67266.6641	11.949
67300	2.1101
67333.3359	1.943
67366.6641	18.5763
67400	9.7172
67433.3359	2.9475
67466.6641	44.6462
67500	4.9174
67533.3359	0.9818
67566.6641	0.66
67600	1.4645
67633.3359	0.988
67666.6641	0.5054
67700	0.6394
67733.3359	0.8869
67766.6641	0.5239
67800	40.558
67833.3359	1.1056
67866.6641	5.9714
67900	5.7424
67933.3359	43.7489
67966.6641	65.9906
68000	35.9273
68033.3359	47.437
68066.6641	60.3616
68100	11.8273
68133.3359	48.6251
68166.6641	1.1241
68200	0.8601
68233.3359	3.1951
68266.6641	3.3229
68300	0.7982
68333.3359	0.8003
68366.6641	1.7491
68400	4.311
68433.3359	3.5395
68466.6641	42.1772
68500	0.3713
68533.3359	3.49
68566.6641	1.1819
68600	1.1076
68633.3359	25.7585
68666.6641	11.9283
68700	90.2515
68733.3359	70.5697
68766.6641	116.177
68800	102.8007
68833.3359	109.7911
68866.6641	69.4063
68900	199.3083
68933.3359	91.4437
68966.6641	206.1089
69000	56.9396
69033.3359	87.4649
69066.6641	117.9654
69100	85.3445
69133.3359	200.4427
69166.6641	69.8065
69200	77.5105
69233.3359	83.9501
69266.6641	124.0873
69300	127.7857
69333.3359	170.1568
69366.6641	28.3533
69400	34.9496
69433.3359	75.3303
69466.6641	65.8152
69500	91.1158
69533.3359	18.7434
69566.6641	55.4071
69600	8.4878
69633.3359	1.1448
69666.6641	71.57
69700	50.4567
69733.3359	82.2505
69766.6641	66.6176
69800	52.4843
69833.3359	18.863
69866.6641	63.6948
69900	34.4443
69933.3359	4.7977
69966.6641	3.0837
70000	6.452
70033.3359	13.6197
70066.6641	39.8402
70100	50.2525
70133.3359	47.1771
70166.6641	28.8999
70200	34.1452
70233.3359	59.8789
70266.6641	122.8518
70300	68.7772
70333.3359	75.1694
70366.6641	53.9158
70400	88.2693
70433.3359	90.169
70466.6641	66.927
70500	104.5787
70533.3359	33.5635
70566.6641	25.0221
70600	28.5678
70633.3359	34.1019
70666.6641	3.5993
70700	72.1105
70733.3359	88.1765
70766.6641	3.6963
70800	85.7694
70833.3359	29.7951
70866.6641	16.165
70900	1.9884
70933.3359	1.9616
70966.6641	2.6753
71000	9.5522
71033.3359	1.4892
71066.6641	1.1283
71100	0.1671
71133.3359	67.6221
71166.6641	73.0943
71200	4.8349
71233.3359	18.2875
71266.6641	6.8769
71300	8.7085
71333.3359	18.2112
71366.6641	2.009
71400	2.9434
71433.3359	0.7652
71466.6641	60.0315
71500	6.6273
71533.3359	3.6076
71566.6641	37.5486
71600	2.4999
71633.3359	4.0552
71666.6641	2.1575
71700	4.7276
71733.3359	7.0398
71766.6641	0.7054
71800	52.212
71833.3359	23.6752
71866.6641	3.9211
71900	1.2541
71933.3359	13.2113
71966.6641	3.063
72000	1.6955
72033.3359	0.8581
72066.6641	2.4051
72100	1.5429
72133.3359	46.8347
72166.6641	1.6728
72200	19.5334
72233.3359	20.346
72266.6641	4.742
72300	0.6209
72333.3359	9.2201
72366.6641	13.2093
