0	43.702
33.3333	42.717
66.6667	42.6337
100	42.7054
133.3333	43.2344
166.6667	41.5758
200	41.2251
233.3333	41.717
266.6667	41.6823
300	41.6094
333.3333	41.5029
366.6667	40.8038
400	40.2842
433.3333	40.2772
466.6667	40.2529
500	40.0168
533.3333	40.4543
566.6667	40.3027
600	40.2981
633.3333	40.2495
666.6667	40.4196
700	40.3814
733.3333	40.3177
766.6667	40.3964
800	40.1696
833.3333	39.9786
866.6667	40.0377
900	39.0122
933.3333	39.3432
966.6667	42.4184
1000	42.5411
1033.3334	42.5561
1066.6666	42.6024
1100	42.5666
1133.3334	41.7228
1166.6666	41.7517
1200	42.0087
1233.3334	41.6071
1266.6666	40.9647
1300	41.1094
1333.3334	40.7923
1366.6666	41.4381
1400	41.5075
1433.3334	41.445
1466.6666	41.4011
1500	41.1487
1533.3334	40.967
1566.6666	40.9543
1600	40.7506
1633.3334	40.6279
1666.6666	40.3814
1700	40.5307
1733.3334	40.9138
1766.6666	41.4659
1800	41.7436
1833.3334	42.2147
1866.6666	42.0816
1900	41.1997
1933.3334	41.9728
1966.6666	41.8953
2000	41.4485
2033.3334	41.1823
2066.6667	41.1094
2100	40.945
2133.3333	41.1082
2166.6667	41.1256
2200	41.423
2233.3333	40.5388
2266.6667	40.5064
2300	40.3224
2333.3333	40.1592
2366.6667	40.2645
2400	40.0631
2433.3333	40.092
2466.6667	40.1013
2500	40.312
2533.3333	42.5885
2566.6667	42.6811
2600	42.8038
2633.3333	42.4925
2666.6667	42.5052
2700	41.4879
2733.3333	40.8131
2766.6667	40.7599
2800	40.6592
2833.3333	40.6372
2866.6667	39.7703
2900	39.8131
2933.3333	39.8721
2966.6667	39.8559
3000	39.9196
3033.3333	39.8918
3066.6667	39.8953
3100	39.8143
3133.3333	39.8027
3166.6667	39.7807
3200	39.68
3233.3333	39.5515
3266.6667	39.0932
3300	39.8328
3333.3333	40.0214
3366.6667	39.8409
3400	39.7703
3433.3333	40.0816
3466.6667	40.0434
3500	40.0492
3533.3333	41.1754
3566.6667	41.5307
3600	41.6661
3633.3333	41.8987
3666.6667	41.827
3700	41.6267
3733.3333	40.908
3766.6667	40.9173
3800	40.8964
3833.3333	41.0411
3866.6667	40.7541
3900	40.7529
3933.3333	41.3617
3966.6667	41.6765
4000	42.077
4033.3333	42.0122
4066.6667	41.5781
4100	41.5041
4133.3335	41.3744
4166.6665	41.3015
4200	39.9323
4233.3335	39.974
4266.6665	40.0481
4300	40.1048
4333.3335	40.1175
4366.6665	40.1117
4400	40.1488
4433.3335	40.136
4466.6665	40.1302
4500	40.1522
4533.3335	40.952
4566.6665	41.0145
4600	40.9693
4633.3335	40.7853
4666.6665	40.9647
4700	40.9207
4733.3335	40.9497
4766.6665	40.9543
4800	41.3374
4833.3335	41.2263
4866.6665	40.2992
4900	40.2576
4933.3335	39.8941
4966.6665	40.3258
5000	40.3745
5033.3335	40.3629
5066.6665	40.6869
5100	40.7263
5133.3335	40.7668
5166.6665	40.8143
5200	39.3953
5233.3335	39.9092
5266.6665	39.9416
5300	39.9659
5333.3335	40.3687
5366.6665	40.5758
5400	40.4439
5433.3335	40.5851
5466.6665	40.5758
5500	39.1395
5533.3335	38.7529
5566.6665	38.5689
5600	38.5654
5633.3335	38.6766
5666.6665	38.8803
5700	39.1013
5733.3335	39.3421
5766.6665	39.3884
5800	39.4219
5833.3335	40.2356
5866.6665	40.2529
5900	40.4832
5933.3335	40.6441
5966.6665	40.717
6000	40.724
6033.3335	41.0677
6066.6665	41.0411
6100	41.0018
6133.3335	40.8004
6166.6665	40.8513
6200	40.9184
6233.3335	40.7506
6266.6665	40.2969
6300	40.6314
6333.3335	40.8062
6366.6665	40.6395
6400	40.7008
6433.3335	40.8247
6466.6665	40.915
6500	37.4428
6533.3335	37.349
6566.6665	37.6025
6600	37.6465
6633.3335	37.5944
6666.6665	37.5932
6700	37.4613
6733.3335	37.4879
6766.6665	37.5087
6800	37.5053
6833.3335	4.9247
6866.6665	2.3738
6900	1.6585
6933.3335	1.4537
6966.6665	1.2558
7000	0.4514
7033.3335	0.5093
7066.6665	1.3912
7100	1.9004
7133.3335	37.0863
7166.6665	37.0736
7200	36.4845
7233.3335	37.2368
7266.6665	37.2958
7300	37.2773
7333.3335	37.1419
7366.6665	37.4428
7400	37.4937
7433.3335	41.0376
7466.6665	41.3015
7500	41.261
7533.3335	41.3073
7566.6665	41.2853
7600	42.2355
7633.3335	41.9184
7666.6665	41.9392
7700	41.8027
7733.3335	41.7946
7766.6665	41.3478
7800	41.4844
7833.3335	41.3964
7866.6665	41.0446
7900	41.3096
7933.3335	41.3906
7966.6665	41.4485
8000	41.4497
8033.3335	41.1684
8066.6665	40.9034
8100	39.7749
8133.3335	39.7761
8166.6665	40.187
8200	40.7726
8233.333	41.5573
8266.667	41.9034
8300	42.0816
8333.333	41.8941
8366.667	40.4694
8400	40.5319
8433.333	40.5515
8466.667	40.5643
8500	40.3826
8533.333	41.3235
8566.667	42.8003
8600	46.0214
8633.333	46.9207
8666.667	47.1209
8700	45.6927
8733.333	44.0353
8766.667	41.0226
8800	40.9381
8833.333	40.79
8866.667	40.989
8900	40.9508
8933.333	41.548
8966.667	42.6186
9000	43.6614
9033.333	43.7737
9066.667	43.7772
9100	40.4265
9133.333	41.1048
9166.667	41.261
9200	41.3629
9233.333	41.0654
9266.667	40.9335
9300	40.8941
9333.333	41.0052
9366.667	41.143
9400	41.1742
9433.333	40.7645
9466.667	40.7078
9500	40.57
9533.333	41.2066
9566.667	41.0909
9600	40.996
9633.333	40.9693
9666.667	40.9346
9700	40.9508
9733.333	41.1615
9766.667	41.6094
9800	41.5226
9833.333	41.6198
9866.667	41.5805
9900	41.3154
9933.333	41.393
9966.667	41.2633
10000	41.2402
10033.333	41.2599
10066.667	41.4497
10100	43.4277
10133.333	43.4658
10166.667	42.9659
10200	42.1499
10233.333	42.3964
10266.667	42.5064
10300	42.4473
10333.333	42.3235
10366.667	42.2957
10400	42.5295
10433.333	44.0388
10466.667	43.989
10500	44.1244
10533.333	43.8582
10566.667	42.4867
10600	42.4797
10633.333	42.445
10666.667	42.5909
10700	42.8478
10733.333	42.6649
10766.667	43.0955
10800	43.0515
10833.333	43.1533
10866.667	42.6661
10900	41.7656
10933.333	41.5399
10966.667	41.4219
11000	41.5237
11033.333	41.5642
11066.667	42.43
11100	42.2946
11133.333	41.658
11166.667	120.6257
11200	128.3582
11233.333	119.9787
11266.667	80.7929
11300	61.0744
11333.333	59.3649
11366.667	58.7191
11400	58.6728
11433.333	59.167
11466.667	58.6531
11500	58.961
11533.333	59.0085
11566.667	59.1994
11600	58.9749
11633.333	58.8835
11666.667	59.2052
11700	59.2596
11733.333	60.9494
11766.667	61.5374
11800	61.8522
11833.333	63.6114
11866.667	66.5176
11900	68.9146
11933.333	75.7872
11966.667	77.0626
12000	77.6772
12033.333	77.9469
12066.667	79.6228
12100	79.6123
12133.333	79.1679
12166.667	78.1066
12200	74.3659
12233.333	72.9921
12266.667	72.8555
12300	72.5951
12333.333	73.0592
12366.667	76.0453
12400	83.1667
12433.333	84.5822
12466.667	86.4606
12500	87.0092
12533.333	81.8669
12566.667	73.3636
12600	69.8868
12633.333	65.9273
12666.667	62.2781
12700	56.6034
12733.333	59.8395
12766.667	62.8938
12800	64.8093
12833.333	67.7745
12866.667	68.9528
12900	69.3208
12933.333	70.7132
12966.667	71.1622
13000	71.3659
13033.333	74.3948
13066.667	74.5441
13100	74.3207
13133.333	74.0499
13166.667	73.1333
13200	72.2594
13233.333	72.2027
13266.667	72.1344
13300	72.1379
13333.333	73.396
13366.667	76.8161
13400	76.4365
13433.333	76.5904
13466.667	76.2258
13500	77.0337
13533.333	77.1783
13566.667	77.3358
13600	77.139
13633.333	74.8335
13666.667	69.021
13700	63.9748
13733.333	64.3382
13766.667	67.0419
13800	71.9597
13833.333	75.3196
13866.667	77.3832
13900	77.8635
13933.333	77.2351
13966.667	75.3219
14000	70.3798
14033.333	62.3718
14066.667	62.3695
14100	62.3487
14133.333	61.8418
14166.667	62.5582
14200	63.8938
14233.333	65.3371
14266.667	67.5859
14300	69.9597
14333.333	72.4724
14366.667	75.5997
14400	75.7131
14433.333	75.3427
14466.667	75.5719
14500	75.4619
14533.333	75.1876
14566.667	73.0511
14600	71.5962
14633.333	71.3011
14666.667	71.2606
14700	74.5742
14733.333	75.3219
14766.667	75.1737
14800	75.0106
14833.333	74.477
14866.667	74.4434
14900	74.4573
14933.333	74.4944
14966.667	73.5418
15000	73.2363
15033.333	66.8359
15066.667	66.9736
15100	65.8197
15133.333	65.9968
15166.667	65.9158
15200	66.3093
15233.333	66.241
15266.667	66.5709
15300	69.2768
15333.333	74.0696
15366.667	74.0441
15400	74.3126
15433.333	73.8786
15466.667	73.359
15500	73.1136
15533.333	69.3625
15566.667	66.2422
15600	65.7294
15633.333	65.6658
15666.667	68.1553
15700	69.4771
15733.333	72.5106
15766.667	74.4978
15800	74.9353
15833.333	74.2617
15866.667	73.8694
15900	72.5928
15933.333	68.8636
15966.667	66.8324
16000	59.6323
16033.333	59.5084
16066.667	59.9448
16100	66.4921
16133.333	73.1541
16166.667	76.3763
16200	79.4364
16233.333	80.9862
16266.667	81.0325
16300	77.7547
16333.333	65.9146
16366.667	64.6114
16400	62.0026
16433.334	61.2283
16466.666	59.4043
16500	59.2897
16533.334	62.8383
16566.666	72.4898
16600	76.7709
16633.334	78.0638
16666.666	81.9653
16700	82.11
16733.334	80.2281
16766.666	66.6901
16800	61.2654
16833.334	59.6473
16866.666	58.8418
16900	58.4367
16933.334	58.7839
16966.666	65.7989
17000	72.9782
17033.334	74.139
17066.666	74.0592
17100	74.558
17133.334	74.911
17166.666	75.6101
17200	75.6552
17233.334	75.139
17266.666	74.0684
17300	73.1946
17333.334	66.969
17366.666	66.8671
17400	67.2537
17433.334	67.16
17466.666	67.6449
17500	67.8
17533.334	68.9076
17566.666	69.1148
17600	69.5315
17633.334	67.1877
17666.666	57.5235
17700	57.0872
17733.334	57.4032
17766.666	57.5571
17800	57.5177
17833.334	59.4922
17866.666	61.4008
17900	62.6716
17933.334	63.1427
17966.666	65.5396
18000	65.3614
18033.334	65.2896
18066.666	64.8568
18100	65.2341
18133.334	65.2989
18166.666	65.7942
18200	66.2885
18233.334	66.5998
18266.666	66.682
18300	71.4469
18333.334	71.484
18366.666	70.7826
18400	70.2919
18433.334	69.8127
18466.666	69.9493
18500	69.9203
18533.334	70.2479
18566.666	70.2247
18600	70.6264
18633.334	71.0095
18666.666	71.4249
18700	71.2583
18733.334	71.3057
18766.666	71.1437
18800	71.2814
18833.334	71.2687
18866.666	71.3324
18900	71.2872
18933.334	71.1229
18966.666	71.2502
19000	71.1703
19033.334	70.5314
19066.666	69.8173
19100	66.9204
19133.334	65.0153
19166.666	64.4517
19200	65.3568
19233.334	66.6935
19266.666	68.1322
19300	71.5025
19333.334	71.4122
19366.666	71.8983
19400	71.1541
19433.334	70.896
19466.666	70.7132
19500	70.859
19533.334	70.5048
19566.666	70.1669
19600	69.9585
19633.334	68.2363
19666.666	68.5083
19700	68.2155
19733.334	68.5049
19766.666	68.4424
19800	68.4979
19833.334	68.0639
19866.666	67.9354
19900	66.9991
19933.334	61.3892
19966.666	61.1462
20000	61.3788
20033.334	61.6647
20066.666	61.5119
20100	61.3568
20133.334	61.3313
20166.666	60.9864
20200	59.4818
20233.334	59.4089
20266.666	54.2979
20300	54.6798
20333.334	54.5618
20366.666	54.5097
20400	54.2145
20433.334	54.2261
20466.666	54.2064
20500	53.9923
20533.334	53.7759
20566.666	53.7794
20600	52.0294
20633.334	52.1254
20666.666	51.9715
20700	52.1625
20733.334	52.0352
20766.666	51.9634
20800	51.6903
20833.334	51.7053
20866.666	51.9217
20900	51.9183
20933.334	52.1914
20966.666	52.5687
21000	51.2053
21033.334	121.2275
21066.666	127.555
21100	124.0955
21133.334	93.0358
21166.666	69.3891
21200	58.4911
21233.334	56.4599
21266.666	52.5826
21300	52.6636
21333.334	52.3535
21366.666	52.7759
21400	53.5305
21433.334	53.4391
21466.666	53.6752
21500	54.1034
21533.334	56.0201
21566.666	57.7944
21600	59.7897
21633.334	59.8175
21666.666	60.6184
21700	60.505
21733.334	60.5721
21766.666	57.424
21800	56.7191
21833.334	56.0641
21866.666	55.968
21900	55.6138
21933.334	56.1659
21966.666	56.3117
22000	56.2527
22033.334	56.2515
22066.666	56.2272
22100	54.0942
22133.334	49.2169
22166.666	48.3524
22200	48.3292
22233.334	52.071
22266.666	55.8094
22300	60.6936
22333.334	61.4737
22366.666	60.2492
22400	51.7655
22433.334	54.5768
22466.666	54.946
22500	54.3766
22533.334	50.2377
22566.666	70.3937
22600	71.8879
22633.334	72.6055
22666.666	73.0603
22700	72.0858
22733.334	67.8787
22766.666	56.0826
22800	51.8974
22833.334	51.1509
22866.666	51.1139
22900	48.5595
22933.334	48.7227
22966.666	59.5756
23000	61.8105
23033.334	62.66
23066.666	63.2295
23100	62.9517
23133.334	62.3718
23166.666	61.4251
23200	60.1427
23233.334	55.4703
23266.666	54.593
23300	52.1474
23333.334	51.8812
23366.666	52.9148
23400	59.3777
23433.334	63.1033
23466.666	63.4413
23500	63.601
23533.334	56.3036
23566.666	50.5884
23600	46.5468
23633.334	46.4519
23666.666	46.585
23700	46.7795
23733.334	48.5306
23766.666	49.225
23800	49.4611
23833.334	49.4739
23866.666	49.4229
23900	48.0202
23933.334	47.07
23966.666	47.0804
24000	46.4843
24033.334	46.872
24066.666	46.8304
24100	46.6209
24133.334	45.8258
24166.666	44.533
24200	44.5468
24233.334	44.386
24266.666	43.6094
24300	43.9531
24333.334	44.0885
24366.666	44.1047
24400	44.0503
24433.334	44.0469
24466.666	44.0353
24500	43.8374
24533.334	43.7945
24566.666	43.827
24600	44.5214
24633.334	44.3142
24666.666	45.71
24700	45.9103
24733.334	45.9369
24766.666	45.8535
24800	45.7019
24833.334	45.5735
24866.666	45.5989
24900	44.607
24933.334	44.6857
24966.666	44.8779
25000	45.0503
25033.334	45.0538
25066.666	44.9473
25100	45.0272
25133.334	45.0156
25166.666	44.9045
25200	44.813
25233.334	44.0017
25266.666	43.8686
25300	43.8131
25333.334	43.5237
25366.666	43.805
25400	43.9635
25433.334	43.9566
25466.666	44.055
25500	44.0758
25533.334	44.1244
25566.666	42.5527
25600	42.7228
25633.334	43.5932
25666.666	44.0307
25700	44.1545
25733.334	44.1429
25766.666	44.5712
25800	44.6846
25833.334	44.3177
25866.666	43.2448
25900	43.9033
25933.334	44.0029
25966.666	44.1661
26000	43.8524
26033.334	44.0075
26066.666	43.6938
26100	43.6209
26133.334	45.0966
26166.666	45.4346
26200	45.4276
26233.334	45.2748
26266.666	45.7968
26300	45.6985
26333.334	46.3767
26366.666	46.3304
26400	44.688
26433.334	44.5897
26466.666	44.6429
26500	44.548
26533.334	44.5295
26566.666	43.1371
26600	43.9554
26633.334	44.6383
26666.666	46.1348
26700	46.9612
26733.334	47.3385
26766.666	47.3558
26800	46.1903
26833.334	44.0515
26866.666	43.6406
26900	43.8107
26933.334	43.7749
26966.666	43.7124
27000	44.0723
27033.334	45.4924
27066.666	45.5561
27100	46.3605
27133.334	46.4068
27166.666	45.526
27200	45.313
27233.334	48.9496
27266.666	49.6428
27300	49.8905
27333.334	48.9507
27366.666	46.6464
27400	45.8744
27433.334	46.3871
27466.666	46.8616
27500	46.3697
27533.334	49.4172
27566.666	49.416
27600	47.7262
27633.334	47.1163
27666.666	46.9172
27700	46.6024
27733.334	46.0098
27766.666	46.0491
27800	45.8605
27833.334	45.7772
27866.666	44.1163
27900	44.026
27933.334	43.8293
27966.666	44.1429
28000	44.2262
28033.334	44.2019
28066.666	44.261
28100	44.2436
28133.334	44.2043
28166.666	44.2239
28200	47.7875
28233.334	48.0109
28266.666	48.1683
28300	48.3824
28333.334	49.0896
28366.666	48.7343
28400	47.519
28433.334	45.5665
28466.666	45.0411
28500	44.9357
28533.334	43.6591
28566.666	43.7066
28600	44.217
28633.334	45.0086
28666.666	45.3084
28700	46.5966
28733.334	47.3582
28766.666	47.7806
28800	47.9102
28833.334	47.6232
28866.666	46.9357
28900	46.629
28933.334	46.9392
28966.666	47.0156
29000	47.0966
29033.334	47.0792
29066.666	47.1707
29100	47.2621
29133.334	47.232
29166.666	47.0723
29200	45.6996
29233.334	45.7575
29266.666	45.7586
29300	45.7841
29333.334	46.1359
29366.666	47.445
29400	47.1313
29433.334	46.8825
29466.666	46.1892
29500	43.4647
29533.334	43.3952
29566.666	43.2598
29600	43.3281
29633.334	43.3814
29666.666	43.3652
29700	43.4728
29733.334	43.4103
29766.666	43.3675
29800	43.1209
29833.334	44.0839
29866.666	44.3547
29900	44.2922
29933.334	44.3038
29966.666	44.2679
30000	44.4242
30033.334	44.3374
30066.666	44.1637
30100	44.1036
30133.334	43.9948
30166.666	43.4982
30200	43.3223
30233.334	43.0758
30266.666	43.2413
30300	43.2483
30333.334	43.1927
30366.666	43.2795
30400	43.651
30433.334	43.6765
30466.666	43.6927
30500	45.6869
30533.334	45.6799
30566.666	45.7829
30600	117.1292
30633.334	123.5805
30666.666	118.2854
30700	77.2339
30733.334	61.1531
30766.666	57.3673
30800	57.7793
30833.334	61.9563
30866.666	62.0848
30900	62.3823
30933.334	62.4899
30966.666	62.6774
31000	59.9112
31033.334	56.9668
31066.666	56.6219
31100	57.6184
31133.334	64.204
31166.666	67.9713
31200	67.9389
31233.334	68.0546
31266.666	66.7699
31300	61.2376
31333.334	55.5965
31366.666	49.5711
31400	47.7702
31433.334	47.3535
31466.666	47.9565
31500	63.2329
31533.334	79.1239
31566.666	81.8878
31600	83.4607
31633.334	83.5637
31666.666	76.8682
31700	64.9169
31733.334	60.3186
31766.666	55.2851
31800	51.4125
31833.334	47.7991
31866.666	48.225
31900	59.064
31933.334	71.8381
31966.666	75.7906
32000	75.2687
32033.334	74.6529
32066.666	71.2525
32100	69.7097
32133.334	59.2087
32166.666	51.1069
32200	49.7829
32233.334	49.7262
32266.666	49.6625
32300	50.6567
32333.334	53.7122
32366.666	58.0756
32400	58.6439
32433.334	58.8858
32466.666	60.9031
32500	60.6091
32533.334	60.3186
32566.666	60.0883
32600	60.0223
32633.334	59.7747
32666.666	59.9274
32700	60.1033
32733.334	62.064
32766.666	63.5929
32800	70.3636
32833.332	70.3683
32866.668	70.9307
32900	70.7548
32933.332	70.3046
32966.668	66.7896
33000	61.4968
33033.332	59.7237
33066.668	58.8973
33100	58.4055
33133.332	56.571
33166.668	57.6775
33200	61.4054
33233.332	63.0061
33266.668	65.5998
33300	65.9586
33333.332	65.2364
33366.668	64.1994
33400	63.344
33433.332	61.8012
33466.668	57.0328
33500	57.2191
33533.332	57.0235
33566.668	60.4494
33600	66.9088
33633.332	68.9238
33666.668	70.2479
33700	70.3868
33733.332	69.5974
33766.668	69.0315
33800	63.329
33833.332	60.814
33866.668	55.8488
33900	55.5073
33933.332	55.9205
33966.668	61.0084
34000	63.7977
34033.332	65.9655
34066.668	66.719
34100	67.0095
34133.332	67.4019
34166.668	66.8764
34200	65.153
34233.332	64.5813
34266.668	64.0535
34300	62.3001
34333.332	61.5142
34366.668	61.4309
34400	63.2954
34433.332	65.8811
34466.668	66.0998
34500	65.954
34533.332	66.0049
34566.668	65.9991
34600	65.9146
34633.332	65.9748
34666.668	65.9574
34700	65.9493
34733.332	66.1681
34766.668	70.6958
34800	71.293
34833.332	69.8995
34866.668	68.241
34900	67.6924
34933.332	67.7039
34966.668	67.6079
35000	67.1391
35033.332	66.6229
35066.668	65.1762
35100	61.7017
35133.332	61.6519
35166.668	62.7931
35200	62.7052
35233.332	62.4598
35266.668	62.1496
35300	61.3279
35333.332	61.2619
35366.668	61.3151
35400	61.8522
35433.332	62.2769
35466.668	62.6091
35500	62.6971
35533.332	62.4575
35566.668	60.6288
35600	55.0536
35633.332	51.7481
35666.668	50.6926
35700	50.4565
35733.332	50.5757
35766.668	54.1173
35800	54.3141
35833.332	54.7412
35866.668	55.2909
35900	55.3002
35933.332	55.0675
35966.668	54.3719
36000	53.6382
36033.332	52.6416
36066.668	52.6278
36100	51.1324
36133.332	51.8396
36166.668	51.7424
36200	53.1602
36233.332	53.5919
36266.668	54.3847
36300	54.8939
36333.332	55.4136
36366.668	55.5756
36400	55.9124
36433.332	58.0849
36466.668	57.9818
36500	58.1022
36533.332	58.0339
36566.668	57.9992
36600	57.9101
36633.332	58.299
36666.668	58.1381
36700	58.2156
36733.332	58.1219
36766.668	58.8881
36800	58.586
36833.332	58.3534
36866.668	57.6728
36900	57.7608
36933.332	57.7689
36966.668	57.9946
37000	58.3568
37033.332	58.4355
37066.668	58.5131
37100	61.0258
37133.332	60.8788
37166.668	61.0466
37200	61.2804
37233.332	62.1519
37266.668	62.3869
37300	63.667
37333.332	64.6519
37366.668	64.9065
37400	67.9331
37433.332	67.5651
37466.668	67.3417
37500	67.1171
37533.332	66.5813
37566.668	66.2827
37600	66.2364
37633.332	66.0801
37666.668	65.9864
37700	65.9852
37733.332	65.0084
37766.668	65.2341
37800	65.2074
37833.332	65.4736
37866.668	65.432
37900	65.4297
37933.332	65.0986
37966.668	64.7005
38000	64.6207
38033.332	64.7642
38066.668	62.2098
38100	62.138
38133.332	62.2167
38166.668	61.8823
38200	62.8047
38233.332	62.6982
38266.668	62.7688
38300	61.7144
38333.332	59.0698
38366.668	58.5108
38400	56.593
38433.332	56.3164
38466.668	56.5768
38500	56.6914
38533.332	56.7353
38566.668	57.0594
38600	58.9263
38633.332	61.0212
38666.668	61.498
38700	61.1531
38733.332	62.3985
38766.668	62.4841
38800	63.2167
38833.332	64.476
38866.668	65.1681
38900	65.7896
38933.332	66.3972
38966.668	66.1183
39000	66.6102
39033.332	61.3637
39066.668	60.6763
39100	62.1149
39133.332	64.719
39166.668	68.6831
39200	61.9748
39233.332	56.3499
39266.668	53.8858
39300	53.3291
39333.332	53.3951
39366.668	53.9159
39400	57.3441
39433.332	59.7133
39466.668	63.4436
39500	63.6762
39533.332	63.6149
39566.668	62.16
39600	58.4737
39633.332	57.5027
39666.668	57.0733
39700	56.8106
39733.332	57.064
39766.668	56.9055
39800	57.1289
39833.332	57.1254
39866.668	57.8464
39900	58.4656
39933.332	58.4471
39966.668	58.3163
40000	58.2955
40033.332	58.2886
40066.668	58.2932
40100	58.2955
40133.332	58.8314
40166.668	58.748
40200	50.6058
40233.332	114.3434
40266.668	120.1604
40300	113.9915
40333.332	72.3115
40366.668	60.3591
40400	62.7167
40433.332	64.6368
40466.668	70.9666
40500	71.5581
40533.332	72.153
40566.668	72.7606
40600	71.0546
40633.332	67.9238
40666.668	65.1218
40700	64.8429
40733.332	64.5859
40766.668	66.094
40800	74.433
40833.332	75.0198
40866.668	75.7605
40900	75.6761
40933.332	72.2432
40966.668	68.5616
41000	63.4482
41033.332	60.6728
41066.668	60.1682
41100	61.1531
41133.332	65.1496
41166.668	65.5512
41200	65.5882
41233.332	65.3753
41266.668	65.7317
41300	65.3405
41333.332	65.0686
41366.668	64.6403
41400	62.9147
41433.332	59.3175
41466.668	54.0213
41500	54.5398
41533.332	56.3939
41566.668	57.9957
41600	58.8395
41633.332	59.5999
41666.668	58.8881
41700	58.373
41733.332	57.6277
41766.668	57.4946
41800	57.2238
41833.332	56.4772
41866.668	56.843
41900	56.8684
41933.332	57.0664
41966.668	56.8511
42000	56.8279
42033.332	56.6532
42066.668	56.6717
42100	57.3256
42133.332	57.3777
42166.668	57.2029
42200	57.2087
42233.332	57.086
42266.668	56.8025
42300	56.7515
42333.332	57.4101
42366.668	62.2723
42400	66.5465
42433.332	72.2652
42466.668	72.6483
42500	72.5904
42533.332	72.4284
42566.668	69.2838
42600	63.3394
42633.332	58.7666
42666.668	57.2157
42700	56.9136
42733.332	57.6196
42766.668	62.7248
42800	65.3926
42833.332	72.8103
42866.668	74.2918
42900	75.2895
42933.332	75.3774
42966.668	75.5221
43000	74.5406
43033.332	72.8069
43066.668	69.1391
43100	60.4263
43133.332	60.4471
43166.668	60.7688
43200	60.4031
43233.332	60.3163
43266.668	60.2503
43300	59.8001
43333.332	59.9899
43366.668	59.6589
43400	59.5767
43433.332	62.3556
43466.668	62.2897
43500	62.4482
43533.332	61.8892
43566.668	62.4644
43600	62.888
43633.332	62.9748
43666.668	62.1392
43700	61.7515
43733.332	61.1809
43766.668	58.9436
43800	59.1207
43833.332	59.1682
43866.668	59.476
43900	59.13
43933.332	59.1693
43966.668	59.0548
44000	59.1578
44033.332	59.2272
44066.668	59.2272
44100	61.6739
44133.332	62.9505
44166.668	63.7052
44200	64.219
44233.332	64.3382
44266.668	64.0778
44300	63.0674
44333.332	60.6114
44366.668	57.6798
44400	51.9727
44433.332	51.0606
44466.668	50.2713
44500	50.4519
44533.332	50.3026
44566.668	50.3176
44600	50.9808
44633.332	51.688
44666.668	51.7088
44700	51.7065
44733.332	53.2099
44766.668	53.1914
44800	53.7088
44833.332	53.6567
44866.668	53.7007
44900	53.4831
44933.332	53.0537
44966.668	52.8916
45000	52.6324
45033.332	52.453
45066.668	50.6602
45100	50.8778
45133.332	50.9669
45166.668	50.6914
45200	50.8037
45233.332	50.5039
45266.668	50.5664
45300	50.5016
45333.332	51.4345
45366.668	52.8153
45400	58.6682
45433.332	58.7122
45466.668	58.4633
45500	58.6277
45533.332	58.6381
45566.668	57.7573
45600	56.9263
45633.332	55.3488
45666.668	54.0583
45700	53.6497
45733.332	50.2551
45766.668	50.4206
45800	50.3477
45833.332	51.9715
45866.668	53.5386
45900	55.2955
45933.332	55.7168
45966.668	55.5687
46000	53.8696
46033.332	52.6023
46066.668	52.2053
46100	52.5491
46133.332	52.4738
46166.668	53.497
46200	54.6983
46233.332	55.0548
46266.668	55.2157
46300	54.8476
46333.332	53.9692
46366.668	49.7759
46400	49.8408
46433.332	50.1058
46466.668	50.1359
46500	50.1347
46533.332	50.8037
46566.668	50.9472
46600	51.1671
46633.332	51.1833
46666.668	51.0757
46700	48.0885
46733.332	48.1024
46766.668	48.1278
46800	47.8396
46833.332	47.9831
46866.668	48.8963
46900	49.806
46933.332	51.2377
46966.668	52.4669
47000	52.5062
47033.332	55.9796
47066.668	56.0837
47100	55.9217
47133.332	54.7319
47166.668	54.1324
47200	53.7342
47233.332	53.7967
47266.668	53.7817
47300	53.8326
47333.332	53.6798
47366.668	54.4217
47400	54.3511
47433.332	54.3858
47466.668	54.1578
47500	54.5328
47533.332	54.5548
47566.668	54.3963
47600	56.7828
47633.332	57.8719
47666.668	58.3487
47700	57.1254
47733.332	50.0803
47766.668	48.0804
47800	47.4936
47833.332	47.5549
47866.668	47.3674
47900	47.6429
47933.332	54.0849
47966.668	61.7538
48000	67.5454
48033.332	73.8254
48066.668	74.4967
48100	74.2629
48133.332	73.6171
48166.668	70.5835
48200	66.4077
48233.332	61.3568
48266.668	58.4656
48300	55.3395
48333.332	55.0085
48366.668	50.9715
48400	51.3731
48433.332	51.8535
48466.668	52.4322
48500	54.2088
48533.332	54.9495
48566.668	55.3904
48600	55.3823
48633.332	55.4437
48666.668	55.3268
48700	57.7156
48733.332	58.174
48766.668	58.417
48800	58.4726
48833.332	58.6196
48866.668	58.3985
48900	58.5767
48933.332	58.6381
48966.668	58.4344
49000	58.1763
49033.332	59.1103
49066.668	59.0872
49100	59.3117
49133.332	58.8372
49166.668	59.3071
49200	59.3453
49233.332	59.336
49266.668	59.4159
49300	59.5524
49333.332	56.1046
49366.668	56.0745
49400	56.218
49433.332	55.8465
49466.668	54.7041
49500	54.4171
49533.332	54.9634
49566.668	55.7377
49600	55.7608
49633.332	56.6728
49666.668	57.8291
49700	57.8661
49733.332	55.549
49766.668	52.6613
49800	51.3569
49833.332	50.938
49866.668	50.7412
49900	52.0757
49933.332	56.7296
49966.668	58.4934
50000	63.182
50033.332	63.5443
50066.668	57.5988
50100	116.6118
50133.332	121.8363
50166.668	112.6119
50200	74.7663
50233.332	63.3614
50266.668	71.7027
50300	78.4029
50333.332	87.537
50366.668	88.125
50400	88.883
50433.332	89.6608
50466.668	88.1504
50500	82.2269
50533.332	77.9723
50566.668	73.9018
50600	73.065
50633.332	71.1414
50666.668	63.6346
50700	63.7399
50733.332	63.8197
50766.668	63.5501
50800	63.5558
50833.332	62.704
50866.668	62.1936
50900	59.1635
50933.332	54.8106
50966.668	54.2203
51000	54.6115
51033.332	66.6171
51066.668	76.0649
51100	78.5753
51133.332	78.7281
51166.668	78.2848
51200	74.8277
51233.332	69.0442
51266.668	52.0109
51300	53.4993
51333.332	53.0942
51366.668	60.7804
51400	63.9297
51433.332	68.6495
51466.668	71.7363
51500	72.0199
51533.332	72.5685
51566.668	72.1009
51600	71.4076
51633.332	63.3452
51666.668	62.1323
51700	58.9598
51733.332	58.3013
51766.668	58.1068
51800	61.6936
51833.332	67.8139
51866.668	73.4782
51900	79.8878
51933.332	86.7477
51966.668	98.0484
52000	98.2938
52033.332	95.7105
52066.668	87.1539
52100	79.8137
52133.332	73.3728
52166.668	70.5754
52200	70.2687
52233.332	71.3648
52266.668	76.6286
52300	84.4433
52333.332	85.1979
52366.668	85.7384
52400	85.1574
52433.332	83.9479
52466.668	79.3716
52500	72.2421
52533.332	63.7677
52566.668	60.9263
52600	60.1855
52633.332	57.9228
52666.668	59.1624
52700	62.3915
52733.332	67.0512
52766.668	67.1449
52800	66.8799
52833.332	66.7468
52866.668	67.0246
52900	66.8336
52933.332	66.2248
52966.668	61.7596
53000	60.7411
53033.332	58.3684
53066.668	57.8638
53100	57.8962
53133.332	63.3371
53166.668	69.4458
53200	71.9145
53233.332	76.3045
53266.668	80.1204
53300	88.8888
53333.332	89.1585
53366.668	89.0486
53400	88.493
53433.332	86.8067
53466.668	84.2049
53500	81.301
53533.332	80.0753
53566.668	79.2674
53600	79.2431
53633.332	79.8693
53666.668	80.9723
53700	83.6065
53733.332	83.6459
53766.668	82.3461
53800	81.5197
53833.332	79.1737
53866.668	75.7409
53900	70.6379
53933.332	70.6472
53966.668	70.6113
54000	86.6423
54033.332	91.677
54066.668	95.861
54100	96.332
54133.332	96.3598
54166.668	95.7892
54200	96.1376
54233.332	95.4142
54266.668	88.5613
54300	76.4909
54333.332	72.0395
54366.668	69.7525
54400	69.3011
54433.332	69.6518
54466.668	71.1518
54500	74.0221
54533.332	75.2524
54566.668	79.4445
54600	83.478
54633.332	83.5984
54666.668	84.4271
54700	84.3808
54733.332	84.2118
54766.668	83.75
54800	83.1667
54833.332	82.7003
54866.668	82.3137
54900	82.0892
54933.332	79.6228
54966.668	79.5811
55000	80.0116
55033.332	79.9792
55066.668	80.0163
55100	79.9434
55133.332	80.3959
55166.668	80.8797
55200	80.8531
55233.332	79.2709
55266.668	71.5372
55300	71.9724
55333.332	72.0117
55366.668	72.7409
55400	73.8532
55433.332	74.4099
55466.668	76.0973
55500	76.4457
55533.332	76.8219
55566.668	77.6344
55600	81.7906
55633.332	81.8519
55666.668	81.36
55700	81.713
55733.332	81.6239
55766.668	81.7026
55800	81.588
55833.332	81.669
55866.668	81.6737
55900	82.6297
55933.332	86.4352
55966.668	86.9745
56000	86.8368
56033.332	87.2442
56066.668	87.346
56100	87.0416
56133.332	82.1112
56166.668	78.6147
56200	75.1298
56233.332	73.3381
56266.668	73.2224
56300	73.6298
56333.332	79.6517
56366.668	83.8391
56400	84.6493
56433.332	85.0197
56466.668	84.8681
56500	85.103
56533.332	85.4329
56566.668	86.618
56600	86.6296
56633.332	86.1342
56666.668	85.2222
56700	85.1296
56733.332	84.5613
56766.668	84.3171
56800	82.8739
56833.332	82.5868
56866.668	81.3982
56900	79.7234
56933.332	79.7177
56966.668	79.7906
57000	79.9341
57033.332	80.7906
57066.668	80.9086
57100	81.2281
57133.332	81.9248
57166.668	81.941
57200	83.1771
57233.332	86.2835
57266.668	86.4653
57300	84.9306
57333.332	84.2813
57366.668	83.8357
57400	82.9028
57433.332	82.8368
57466.668	82.6505
57500	82.5544
57533.332	82.5556
57566.668	83.0116
57600	83.4641
57633.332	83.044
57666.668	82.8357
57700	82.6991
57733.332	83.2813
57766.668	83.4456
57800	83.9815
57833.332	83.8889
57866.668	84.1702
57900	83.0348
57933.332	83.1077
57966.668	82.8993
58000	83.3935
58033.332	81.9977
58066.668	77.852
58100	73.2016
58133.332	72.8161
58166.668	72.3474
58200	72.3555
58233.332	73.4388
58266.668	73.3462
58300	74.7363
58333.332	75.3497
58366.668	76.2304
58400	76.2154
58433.332	76.4538
58466.668	76.1888
58500	76.1969
58533.332	75.8635
58566.668	75.5406
58600	75.6946
58633.332	75.9423
58666.668	76.2594
58700	76.7165
58733.332	77.1182
58766.668	78.1019
58800	79.514
58833.332	79.7651
58866.668	79.4005
58900	79.3323
58933.332	79.0753
58966.668	79.7165
59000	79.6262
59033.332	79.411
59066.668	79.1031
59100	79.9607
59133.332	79.1077
59166.668	80.0973
59200	83.2628
59233.332	81.7234
59266.668	80.3809
59300	79.1274
59333.332	78.2223
59366.668	76.183
59400	75.1899
59433.332	75.1552
59466.668	75.1575
59500	78.4295
59533.332	78.5059
59566.668	68.5211
59600	104.5564
59633.332	114.6778
59666.668	111.3735
59700	73.33
59733.332	67.3046
59766.668	79.0927
59800	87.8576
59833.332	99.0669
59866.668	99.3679
59900	100.5206
59933.332	100.4639
59966.668	92.574
60000	80.6146
60033.332	75.9376
60066.668	74.5626
60100	72.131
60133.332	70.0187
60166.668	65.8776
60200	65.822
60233.332	66.0477
60266.668	65.4366
60300	65.557
60333.332	64.7144
60366.668	62.7989
60400	62.4563
60433.332	63.2977
60466.668	64.7433
60500	70.0766
60533.332	73.2224
60566.668	82.9456
60600	83.5556
60633.332	78.4549
60666.668	71.5719
60700	64.5848
60733.332	61.0443
60766.668	59.4865
60800	54.931
60833.332	55.0652
60866.668	60.2307
60900	64.9042
60933.332	67.2306
60966.668	68.1843
61000	70.5627
61033.332	74.8543
61066.668	77.507
61100	79.1424
61133.332	84.2917
61166.668	84.4618
61200	82.3646
61233.332	77.4908
61266.668	75.2571
61300	74.8045
61333.332	74.308
61366.668	74.3971
61400	74.6471
61433.332	75.3254
61466.668	82.1702
61500	83.0637
61533.332	83.8148
61566.668	84.8831
61600	85.265
61633.332	83.9294
61666.668	75.9504
61700	70.4227
61733.332	70.9851
61766.668	74.3879
61800	81.9977
61833.332	83.3438
61866.668	85.1794
61900	88.0127
61933.332	91.0485
61966.668	91.1782
62000	90.2569
62033.332	85.9074
62066.668	82.2408
62100	80.7894
62133.332	73.977
62166.668	74.0731
62200	76.1379
62233.332	78.4445
62266.668	80.7339
62300	81.8704
62333.332	83.6921
62366.668	86.3403
62400	86.3657
62433.332	85.6736
62466.668	86.272
62500	86.2708
62533.332	84.662
62566.668	82.294
62600	82.6482
62633.332	83.3021
62666.668	84.6354
62700	85.4653
62733.332	85.7893
62766.668	85.8264
62800	85.1204
62833.332	85.0081
62866.668	84.6435
62900	84.8669
62933.332	84.2535
62966.668	84.1771
63000	83.4966
63033.332	83.3704
63066.668	83.6921
63100	84.1296
63133.332	85.397
63166.668	85.7951
63200	85.6134
63233.332	85.566
63266.668	85.3055
63300	84.1945
63333.332	80.7593
63366.668	78.6517
63400	75.9862
63433.332	72.4226
63466.668	74.8555
63500	88.9513
63533.332	94.8089
63566.668	95.4107
63600	94.4848
63633.332	93.8367
63666.668	91.4293
63700	90.2222
63733.332	88.5682
63766.668	82.7141
63800	82.338
63833.332	81.5139
63866.668	80.8334
63900	80.9885
63933.332	82.0961
63966.668	83.5382
64000	83.9572
64033.332	84.0706
64066.668	83.6215
64100	78.4793
64133.332	78.2293
64166.668	76.8577
64200	73.1969
64233.332	72.0465
64266.668	71.9342
64300	72.6726
64333.332	74.3728
64366.668	75.8821
64400	77.2258
64433.332	80.8149
64466.668	80.7443
64500	80.4758
64533.332	75.7617
64566.668	71.6252
64600	69.5141
64633.332	69.2363
64666.668	68.3764
64700	68.0292
64733.332	68.0118
64766.668	67.594
64800	67.7329
64833.332	67.4632
64866.668	67.2282
64900	66.7792
64933.332	65.9366
64966.668	64.2526
65000	62.991
65033.332	61.6462
65066.668	60.6311
65100	58.6624
65133.332	58.8765
65166.668	59.0825
65200	59.8001
65233.332	62.6589
65266.668	64.9262
65300	65.0003
65333.332	64.2491
65366.668	62.3232
65400	61.1184
65433.332	60.1334
65466.668	60.7202
65500	60.6311
65533.332	62.0466
65566.6641	62.9459
65600	66.8683
65633.3359	70.3752
65666.6641	71.3393
65700	68.1171
65733.3359	65.1565
65766.6641	65.1623
65800	65.2341
65833.3359	65.4378
65866.6641	66.4308
65900	67.5859
65933.3359	67.5107
65966.6641	67.3961
66000	67.05
66033.3359	66.4273
66066.6641	62.7954
66100	62.7758
66133.3359	62.5188
66166.6641	62.1519
66200	62.8649
66233.3359	63.491
66266.6641	65.0246
66300	65.2364
66333.3359	66.3104
66366.6641	66.6507
66400	70.0002
66433.3359	69.6738
66466.6641	69.5291
66500	68.7386
66533.3359	69.2224
66566.6641	69.234
66600	69.1264
66633.3359	68.9099
66666.6641	68.9366
66700	68.9447
66733.3359	67.4806
66766.6641	67.8671
66800	67.5558
66833.3359	67.9019
66866.6641	67.8752
66900	67.9169
66933.3359	67.8417
66966.6641	67.9331
67000	67.9308
67033.3359	67.9308
67066.6641	70.7467
67100	71.065
67133.3359	71.4192
67166.6641	71.5372
67200	71.2745
67233.3359	70.9446
67266.6641	69.2479
67300	68.3278
67333.3359	67.638
67366.6641	67.6565
67400	66.7016
67433.3359	67.0431
67466.6641	69.1993
67500	73.3636
67533.3359	75.896
67566.6641	75.8022
67600	75.7189
67633.3359	73.3971
67666.6641	69.7074
67700	68.3961
67733.3359	63.7121
67766.6641	63.5408
67800	63.8232
67833.3359	63.8996
67866.6641	73.9214
67900	75.1981
67933.3359	75.2015
67966.6641	74.8439
68000	73.6367
68033.3359	70.2028
68066.6641	74.3184
68100	72.8266
68133.3359	68.2062
68166.6641	68.1345
68200	68.1194
68233.3359	68.0569
68266.6641	67.8544
68300	68.3637
68333.3359	68.425
68366.6641	68.8092
68400	68.6136
68433.3359	72.205
68466.6641	72.2016
68500	72.4354
68533.3359	72.1587
68566.6641	72.5384
68600	72.2374
68633.3359	72.0476
68666.6641	71.4643
68700	71.5488
68733.3359	71.565
68766.6641	72.3844
68800	72.5117
68833.3359	72.7062
68866.6641	72.7189
68900	73.0685
68933.3359	73.0106
68966.6641	73.0673
69000	72.9759
69033.3359	72.4226
69066.6641	71.9747
69100	70.5986
69133.3359	70.7606
69166.6641	70.9307
69200	70.9828
69233.3359	71.3729
69266.6641	71.1159
69300	70.9851
69333.3359	70.6136
69366.6641	71.1125
69400	71.0824
69433.3359	68.6623
69466.6641	68.41
69500	68.4632
69533.3359	69.1391
69566.6641	69.7352
69600	70.9678
69633.3359	71.5199
69666.6641	71.1125
69700	70.7803
69733.3359	70.3613
69766.6641	67.8995
69800	68.1681
69833.3359	68.0662
69866.6641	68.1044
69900	67.7873
69933.3359	67.8648
69966.6641	68.7213
70000	69.4597
70033.3359	69.4991
70066.6641	68.9782
70100	67.6299
70133.3359	67.41
70166.6641	67.9979
70200	68.4933
70233.3359	72.1483
70266.6641	73.8532
70300	74.7351
70333.3359	75.1946
70366.6641	75.1055
70400	73.0522
70433.3359	71.8983
70466.6641	69.4354
70500	69.1727
70533.3359	68.9296
70566.6641	69.2502
70600	70.2884
70633.3359	70.9944
70666.6641	71.2652
70700	71.3358
70733.3359	71.1588
70766.6641	71.1854
70800	70.6634
70833.3359	70.0847
70866.6641	70.7514
70900	70.6449
70933.3359	71.7062
70966.6641	72.1576
