0.000	0.000	0.000	0.000	0.000	0.000	39.012	42.602	3.590	0.000
0.000	0.000	400.000	0.000	0.000	0.000	40.381	42.215	1.833	766.667
366.667	100.000	266.667	366.667	233.333	133.333	40.063	42.804	2.741	766.667
0.000	0.000	0.000	0.000	0.000	0.000	39.093	41.899	2.806	1033.333
700.000	500.000	200.000	700.000	200.000	100.000	40.753	42.077	1.324	366.667
0.000	300.000	0.000	0.000	0.000	0.000	40.130	41.337	1.207	800.000
166.667	133.333	33.333	166.667	166.667	100.000	40.326	40.814	0.488	366.667
866.667	400.000	466.667	866.667	700.000	233.333	38.565	41.068	2.502	866.667
0.000	500.000	0.000	0.000	0.000	0.000	0.451	42.236	41.784	1566.667
0.000	0.000	0.000	0.000	0.000	0.000	39.776	47.121	7.345	1066.667
333.333	166.667	166.667	333.333	166.667	133.333	40.951	43.777	2.826	400.000
0.000	433.333	0.000	0.000	0.000	0.000	41.240	44.124	2.884	1433.333
0.000	66.667	0.000	0.000	0.000	0.000	41.422	128.358	86.936	700.000
0.000	333.333	0.000	0.000	0.000	0.000	58.883	79.623	20.739	866.667
233.333	166.667	66.667	233.333	200.000	100.000	72.595	87.009	14.414	433.333
0.000	0.000	133.333	0.000	0.000	0.000	63.975	77.864	13.889	1400.000
0.000	233.333	0.000	0.000	0.000	0.000	61.842	75.713	13.871	500.000
300.000	133.333	166.667	300.000	233.333	166.667	65.820	74.313	8.493	1000.000
366.667	166.667	200.000	366.667	233.333	133.333	65.666	74.935	9.270	400.000
366.667	200.000	166.667	366.667	233.333	133.333	59.508	81.032	21.524	466.667
300.000	200.000	100.000	300.000	233.333	133.333	59.290	82.110	22.820	433.333
733.333	266.667	466.667	733.333	666.667	300.000	58.784	75.655	16.871	500.000
0.000	0.000	0.000	0.000	0.000	0.000	57.518	71.484	13.966	1133.333
566.667	166.667	400.000	566.667	433.333	300.000	69.920	71.425	1.505	333.333
2000.000	1433.333	566.667	2000.000	566.667	166.667	64.452	71.898	7.447	700.000
200.000	66.667	133.333	200.000	166.667	133.333	51.205	127.555	76.350	1700.000
700.000	233.333	466.667	700.000	300.000	133.333	52.776	60.618	7.842	600.000
0.000	0.000	0.000	0.000	0.000	0.000	48.329	73.060	24.731	1000.000
0.000	0.000	0.000	0.000	0.000	0.000	48.560	63.229	14.670	400.000
200.000	133.333	66.667	200.000	166.667	133.333	51.881	63.601	11.720	433.333
733.333	166.667	566.667	733.333	600.000	166.667	43.609	45.937	2.328	1233.333
0.000	0.000	0.000	0.000	0.000	0.000	42.553	44.685	2.132	1066.667
0.000	0.000	0.000	0.000	0.000	0.000	43.621	46.377	2.756	533.333
0.000	0.000	0.000	0.000	0.000	0.000	43.137	47.356	4.219	433.333
800.000	233.333	566.667	800.000	166.667	100.000	45.313	49.891	4.577	533.333
366.667	166.667	200.000	366.667	266.667	100.000	43.829	49.090	5.260	1033.333
0.000	0.000	0.000	0.000	0.000	0.000	43.707	47.910	4.204	466.667
200.000	66.667	133.333	200.000	133.333	66.667	45.700	47.445	1.745	566.667
0.000	0.000	233.333	0.000	0.000	0.000	43.121	44.424	1.303	633.333
800.000	66.667	733.333	800.000	133.333	133.333	43.193	123.580	80.388	633.333
733.333	166.667	566.667	733.333	200.000	133.333	47.354	83.564	36.210	1000.000
0.000	566.667	0.000	0.000	0.000	0.000	49.663	70.931	21.268	1233.333
333.333	166.667	166.667	333.333	233.333	133.333	57.024	70.387	13.363	833.333
0.000	200.000	0.000	0.000	0.000	0.000	55.507	67.402	11.895	433.333
333.333	66.667	266.667	333.333	133.333	66.667	65.915	71.293	5.378	666.667
0.000	166.667	0.000	0.000	0.000	0.000	50.456	55.300	4.844	1100.000
0.000	400.000	0.000	0.000	0.000	0.000	55.414	58.888	3.474	866.667
1266.667	333.333	933.333	1266.667	800.000	166.667	58.513	67.933	9.420	633.333
0.000	0.000	66.667	0.000	0.000	0.000	56.316	68.683	12.367	1766.667
0.000	133.333	0.000	0.000	0.000	0.000	53.395	63.676	10.281	333.333
0.000	433.333	0.000	0.000	0.000	0.000	50.606	120.160	69.555	766.667
266.667	133.333	133.333	266.667	200.000	133.333	64.586	75.761	11.175	600.000
333.333	133.333	200.000	333.333	233.333	166.667	56.477	72.648	16.171	1600.000
0.000	233.333	0.000	0.000	0.000	0.000	56.914	75.522	18.609	500.000
0.000	0.000	133.333	0.000	0.000	0.000	59.577	62.975	3.398	666.667
300.000	166.667	133.333	300.000	233.333	133.333	59.055	64.338	5.283	600.000
666.667	233.333	433.333	666.667	366.667	166.667	50.303	53.709	3.406	566.667
433.333	133.333	300.000	433.333	300.000	200.000	50.502	58.712	8.211	633.333
566.667	133.333	433.333	566.667	200.000	133.333	50.255	55.717	5.462	500.000
933.333	233.333	700.000	933.333	800.000	133.333	47.840	56.084	8.244	1133.333
0.000	166.667	0.000	0.000	0.000	0.000	47.367	74.497	27.129	1000.000
800.000	633.333	166.667	800.000	666.667	266.667	55.327	59.552	4.226	1233.333
1000.000	200.000	800.000	1000.000	133.333	100.000	50.741	121.836	71.095	833.333
266.667	133.333	133.333	266.667	266.667	133.333	54.220	78.728	24.508	1000.000
0.000	200.000	0.000	0.000	0.000	0.000	53.094	72.568	19.474	400.000
766.667	200.000	566.667	766.667	266.667	133.333	58.107	98.294	40.187	466.667
0.000	233.333	0.000	0.000	0.000	0.000	57.864	89.159	31.295	1333.333
366.667	166.667	200.000	366.667	333.333	233.333	70.611	96.360	25.748	800.000
0.000	233.333	0.000	0.000	0.000	0.000	69.301	84.427	15.126	533.333
0.000	0.000	166.667	0.000	0.000	0.000	72.741	87.346	14.605	1400.000
566.667	266.667	300.000	566.667	466.667	133.333	79.652	86.630	6.978	533.333
0.000	266.667	0.000	0.000	0.000	0.000	79.718	86.465	6.748	666.667
500.000	333.333	166.667	500.000	166.667	66.667	82.699	84.170	1.471	600.000
0.000	0.000	166.667	0.000	0.000	0.000	75.541	83.263	7.722	1333.333
0.000	0.000	466.667	0.000	0.000	0.000	68.521	114.678	46.157	433.333
300.000	166.667	133.333	300.000	166.667	100.000	62.456	83.556	21.099	966.667
0.000	300.000	0.000	0.000	0.000	0.000	60.231	84.462	24.231	566.667
0.000	0.000	0.000	0.000	0.000	0.000	70.423	91.178	20.756	800.000
0.000	633.333	0.000	0.000	0.000	0.000	74.073	86.366	12.293	433.333
0.000	0.000	166.667	0.000	0.000	0.000	83.370	85.795	2.425	766.667
0.000	0.000	633.333	0.000	0.000	0.000	72.423	95.411	22.988	400.000
266.667	133.333	133.333	266.667	166.667	133.333	71.934	80.815	8.881	866.667
0.000	466.667	0.000	0.000	0.000	0.000	58.662	71.339	12.677	1233.333
0.000	200.000	0.000	0.000	0.000	0.000	62.152	70.000	7.848	733.333
300.000	133.333	166.667	300.000	233.333	133.333	67.556	71.537	3.981	766.667
0.000	0.000	200.000	0.000	0.000	0.000	66.702	75.896	9.194	366.667
0.000	100.000	0.000	0.000	0.000	0.000	63.541	75.202	11.661	400.000
1033.333	500.000	533.333	1033.333	1033.333	233.333	68.614	73.068	4.455	966.667
266.667	133.333	133.333	266.667	200.000	66.667	68.410	71.520	3.110	733.333
0.000	166.667	0.000	0.000	0.000	0.000	67.410	75.195	7.785	700.000
