0	7.9455
33.3333	2.8634
66.6667	2.3981
100	5.3344
133.3333	7.8645
166.6667	4.1747
200	23.1258
233.3333	1.5764
266.6667	4.2488
300	2.2662
333.3333	2.375
366.6667	9.6307
400	4.2939
433.3333	1.5845
466.6667	1.5926
500	4.4166
533.3333	26.5077
566.6667	0.4468
600	1.8009
633.3333	3.7627
666.6667	4.8668
700	1.8206
733.3333	2.0648
766.6667	5.3194
800	3.2604
833.3333	1.8784
866.6667	21.0067
900	2.1713
933.3333	25.5726
966.6667	2.0486
1000	0.8252
1033.3334	0.4468
1066.6666	1.272
1100	5.4802
1133.3334	5.1122
1166.6666	4.9027
1200	29.9799
1233.3334	6.9687
1266.6666	5.1353
1300	6.3865
1333.3334	9.905
1366.6666	5.3147
1400	1.8055
1433.3334	1.8009
1466.6666	3.0949
1500	1.2951
1533.3334	30.8063
1566.6666	2.3009
1600	5.0948
1633.3334	5.177
1666.6666	2.3044
1700	3.2326
1733.3334	4.1006
1766.6666	4.1851
1800	2.4201
1833.3334	0.6354
1866.6666	30.2473
1900	20.6178
1933.3334	1.8414
1966.6666	2.1944
2000	2.9861
2033.3334	1.6817
2066.6667	1
2100	0.8021
2133.3333	1.0544
2166.6667	1.5266
2200	34.0574
2233.3333	1.2662
2266.6667	2.3808
2300	5.7349
2333.3333	5.8321
2366.6667	2.0347
2400	1.0173
2433.3333	2.1597
2466.6667	4.6319
2500	31.0586
2533.3333	0.6991
2566.6667	3.3819
2600	2.8993
2633.3333	1.7372
2666.6667	6.7557
2700	6.0034
2733.3333	1.8403
2766.6667	0.9942
2800	1.184
2833.3333	37.9127
2866.6667	1.2257
2900	0.316
2933.3333	0.1458
2966.6667	0.8484
3000	0.3495
3033.3333	0.06366
3066.6667	0.4977
3100	0.5741
3133.3333	2.1238
3166.6667	34.9729
3200	1.4039
3233.3333	3.2013
3266.6667	9.42
3300	0.7141
3333.3333	1.9259
3366.6667	5.6168
3400	3.9525
3433.3333	1.8021
3466.6667	0.4988
3500	35.5053
3533.3333	4.1238
3566.6667	1.1979
3600	1.228
3633.3333	1.3449
3666.6667	1.7141
3700	5.1377
3733.3333	0.5393
3766.6667	0.9676
3800	11.7927
3833.3333	34.9231
3866.6667	0.07755
3900	2.8541
3933.3333	4.4421
3966.6667	4.0555
4000	1.0139
4033.3333	1.2025
4066.6667	1.8171
4100	1.206
4133.3335	0.7164
4166.6665	33.878
4200	0.5741
4233.3335	3.6157
4266.6665	1.265
4300	0.5868
4333.3335	1.4247
4366.6665	1.8773
4400	0.4016
4433.3335	0.2187
4466.6665	0.7118
4500	35.0539
4533.3335	0.4213
4566.6665	1.4849
4600	2.7696
4633.3335	3.2604
4666.6665	0.875
4700	0.4549
4733.3335	1.0926
4766.6665	11.9848
4800	0.3542
4833.3335	35.2993
4866.6665	1.1528
4900	3.2199
4933.3335	3.4664
4966.6665	1.2245
5000	0.8518
5033.3335	1.9398
5066.6665	0.7778
5100	0.5498
5133.3335	0.09375
5166.6665	34.6083
5200	5.7221
5233.3335	1.1134
5266.6665	1.6215
5300	2.1551
5333.3335	1.1562
5366.6665	1.5741
5400	2.1227
5433.3335	0.4213
5466.6665	34.9937
5500	1.6991
5533.3335	3.7118
5566.6665	4.9988
5600	2.6921
5633.3335	2.1227
5666.6665	2.0266
5700	13.3447
5733.3335	1.7268
5766.6665	0.9641
5800	35.378
5833.3335	0.5636
5866.6665	4.434
5900	1.0405
5933.3335	1.4595
5966.6665	1.1574
6000	2.0706
6033.3335	1.6261
6066.6665	0.9491
6100	1.5879
6133.3335	35.6153
6166.6665	0.9213
6200	2.2696
6233.3335	3.375
6266.6665	3.2002
6300	1.1076
6333.3335	1.243
6366.6665	3.7581
6400	1.7118
6433.3335	0.5856
6466.6665	36.1847
6500	0.647
6533.3335	4.0567
6566.6665	0.9375
6600	0.566
6633.3335	2.1493
6666.6665	12.104
6700	0.9039
6733.3335	0.2986
6766.6665	0.02431
6800	36.2889
6833.3335	3.3101
6866.6665	0.8866
6900	0.6447
6933.3335	0.8623
6966.6665	1.1192
7000	0.7407
7033.3335	1.0208
7066.6665	0.5185
7100	37.0377
7133.3335	0.8993
7166.6665	3.5381
7200	3.6111
7233.3335	0.6609
7266.6665	0.8032
7300	1.0822
7333.3335	1.7176
7366.6665	0.3681
7400	35.0528
7433.3335	3.0949
7466.6665	1.2882
7500	0.5
7533.3335	1.1377
7566.6665	12.5241
7600	1.6875
7633.3335	1.375
7666.6665	0.6042
7700	0.2604
7733.3335	35.4856
7766.6665	0.6018
7800	1.1065
7833.3335	3.2268
7866.6665	3.8692
7900	0.8588
7933.3335	2.9213
7966.6665	5.7557
8000	4.4039
8033.3335	1.765
8066.6665	35.2993
8100	0.3877
8133.3335	4.9826
8166.6665	4.3541
8200	3.6944
8233.333	2.6215
8266.667	1.2616
8300	1.6991
8333.333	4.7303
8366.667	5.2777
8400	35.7136
8433.333	0.1377
8466.667	1.2511
8500	11.0681
8533.333	16.4651
8566.667	11.0867
8600	3.7997
8633.333	0.5012
8666.667	2.7801
8700	4.2036
8733.333	38.1719
8766.667	1.3021
8800	2.9838
8833.333	3.405
8866.667	1.1238
8900	3.5277
8933.333	5.8877
8966.667	3.2974
9000	1.1308
9033.333	0.01736
9066.667	36.0747
9100	4.155
9133.333	1.4085
9166.667	1.2708
9200	1.7488
9233.333	1.7778
9266.667	2.2662
9300	0.6921
9333.333	1.4386
9366.667	0.4757
9400	33.8537
9433.333	1.8507
9466.667	4.2858
9500	13.0415
9533.333	0.838
9566.667	0.4653
9600	0.1262
9633.333	0.4583
9666.667	0.5347
9700	1.3032
9733.333	34.1697
9766.667	0.8275
9800	4.7661
9833.333	1.3981
9866.667	1.5798
9900	1.1817
9933.333	1.1713
9966.667	1.5879
10000	0.522
10033.333	0.7014
10066.667	35.8155
10100	0.3507
10133.333	2.7407
10166.667	6.2626
10200	4.5358
10233.333	0.8391
10266.667	0.6123
10300	1.4572
10333.333	1.1319
10366.667	2.199
10400	34.9741
10433.333	0.5058
10466.667	12.4663
10500	1.1875
10533.333	5.6006
10566.667	0.7523
10600	0.3657
10633.333	0.7801
10666.667	1.7847
10700	34.8074
10733.333	3.6481
10766.667	1.037
10800	0.8426
10833.333	4.5358
10866.667	4.868
10900	1.9595
10933.333	1.2731
10966.667	1.4583
11000	0.2882
11033.333	36.0828
11066.667	1.1886
11100	11.5068
11133.333	111.9094
11166.667	13.3528
11200	13.4095
11233.333	51.5259
11266.667	36.2946
11300	35.2831
11333.333	7.5092
11366.667	42.349
11400	10.7626
11433.333	1.8356
11466.667	3.1435
11500	1.9872
11533.333	0.7419
11566.667	2.2384
11600	0.9062
11633.333	2.1643
11666.667	2.221
11700	40.4786
11733.333	1.1342
11766.667	1.3819
11800	5.7152
11833.333	6.3367
11866.667	4.1562
11900	9.9212
11933.333	3.155
11966.667	2.1146
12000	1.2442
12033.333	35.3583
12066.667	0.6748
12100	4.037
12133.333	2.2627
12166.667	5.8795
12200	3.3946
12233.333	1.7106
12266.667	0.9942
12300	0.9132
12333.333	4.449
12366.667	38.7923
12400	2.2534
12433.333	3.8553
12466.667	1.9421
12500	7.8691
12533.333	11.4339
12566.667	5.1944
12600	6.0451
12633.333	5.964
12666.667	36.915
12700	5.4907
12733.333	7.0937
12766.667	5.2534
12800	5.2638
12833.333	1.8171
12866.667	1.8819
12900	3.0057
12933.333	1.2986
12966.667	0.2454
13000	36.3618
13033.333	3.2442
13066.667	1.0775
13100	0.831
13133.333	2.169
13166.667	1.9849
13200	0.4942
13233.333	0.9456
13266.667	0.3368
13300	12.6283
13333.333	36.1488
13366.667	0.5255
13400	1.228
13433.333	2.5891
13466.667	3.8333
13500	1.0636
13533.333	1.0092
13566.667	1.2754
13600	4.2222
13633.333	8.2615
13666.667	36.8814
13700	1.0486
13733.333	6.5416
13766.667	8.0682
13800	5.8529
13833.333	4.3136
13866.667	1.6007
13900	1.478
13933.333	2.684
13966.667	7.7985
14000	38.5516
14033.333	0.02083
14066.667	1.4722
14100	2.9884
14133.333	4.0034
14166.667	3.4745
14200	3.2604
14233.333	4.4918
14266.667	14.2486
14300	3.765
14333.333	37.9949
14366.667	1.1042
14400	2.5764
14433.333	2.8541
14466.667	0.89
14500	1.2326
14533.333	3.7592
14566.667	3.5706
14600	0.8461
14633.333	0.7974
14666.667	35.246
14700	3.6643
14733.333	0.912
14766.667	0.7488
14800	1.6447
14833.333	1.2465
14866.667	0.2199
14900	0.2755
14933.333	1.6562
14966.667	0.706
15000	36.6685
15033.333	0.8576
15066.667	3.8437
15100	3.7696
15133.333	0.8842
15166.667	0.8866
15200	1.2072
15233.333	12.1353
15266.667	4.2523
15300	35.5863
15333.333	0.1852
15366.667	3.0763
15400	1.184
15433.333	1.5775
15466.667	1.3657
15500	6.3807
15533.333	5.5069
15566.667	0.9826
15600	0.8437
15633.333	36.4173
15666.667	1.8449
15700	4.9131
15733.333	6.4941
15766.667	3.2338
15800	1.7245
15833.333	0.9826
15866.667	2.846
15900	7.1133
15933.333	3.2071
15966.667	36.5747
16000	0.6886
16033.333	2.9456
16066.667	11.1144
16100	10.0253
16133.333	6.1874
16166.667	15.0577
16200	2.9595
16233.333	0.6412
16266.667	4.2199
16300	38.7472
16333.333	4.6874
16366.667	4.6226
16400	2.0335
16433.334	3.4722
16466.666	1.1562
16500	6.1967
16533.334	13.1931
16566.666	7.0636
16600	1.6308
16633.334	36.1488
16666.666	0.9386
16700	4.4305
16733.334	21.0449
16766.666	9.6214
16800	3.3472
16833.334	2.7176
16866.666	2.3518
16900	2.4259
16933.334	10.1422
16966.666	38.209
17000	4.1284
17033.334	1.0544
17066.666	1.7442
17100	2.2604
17133.334	12.0785
17166.666	0.4363
17200	1.1134
17233.334	1.5613
17266.666	1.5636
17300	36.9937
17333.334	0.287
17366.666	1.2477
17400	2.9386
17433.334	3.4409
17466.666	1.1713
17500	2.4965
17533.334	1.7743
17566.666	1.5602
17600	3.6932
17633.334	38.1106
17666.666	0.7812
17700	3.8506
17733.334	0.8183
17766.666	1.0926
17800	3.9745
17833.334	3.846
17866.666	2.3009
17900	1.2234
17933.334	35.1164
17966.666	0.3495
18000	1.7407
18033.334	2.875
18066.666	12.7197
18100	0.7477
18133.334	1.4074
18166.666	0.9965
18200	0.7766
18233.334	0.1956
18266.666	36.2067
18300	0.7708
18333.334	2.9884
18366.666	3.2569
18400	1.3356
18433.334	0.7616
18466.666	0.8252
18500	0.7072
18533.334	0.7014
18566.666	0.4595
18600	34.9961
18633.334	3.0682
18666.666	0.7893
18700	0.4664
18733.334	0.9491
18766.666	0.7373
18800	0.228
18833.334	0.228
18866.666	0.4132
18900	0.3935
18933.334	35.2264
18966.666	1.5752
19000	3.0601
19033.334	14.325
19066.666	4.8159
19100	3.4675
19133.334	1.4294
19166.666	2.1435
19200	2.2141
19233.334	2.1377
19266.666	35.8722
19300	0.5069
19333.334	3.1851
19366.666	2.0058
19400	0.7974
19433.334	1.5324
19466.666	1.0509
19500	0.6736
19533.334	0.6643
19566.666	0.6481
19600	35.0597
19633.334	1.3646
19666.666	3.3206
19700	3.5277
19733.334	0.9699
19766.666	0.5393
19800	1.3345
19833.334	0.9942
19866.666	1.8599
19900	35.4474
19933.334	0.9815
19966.666	12.6028
20000	0.9109
20033.334	0.375
20066.666	0.3565
20100	0.2106
20133.334	0.7569
20166.666	2.3078
20200	0.1146
20233.334	35.4879
20266.666	3.618
20300	0.9467
20333.334	0.8507
20366.666	1.3646
20400	1.3773
20433.334	0.559
20466.666	0.9803
20500	0.7257
20533.334	0.09606
20566.666	34.8421
20600	0.8461
20633.334	2.5034
20666.666	2.9849
20700	0.8241
20733.334	0.7153
20766.666	1.4352
20800	0.8252
20833.334	0.9988
20866.666	0.003472
20900	33.4208
20933.334	12.9767
20966.666	32.9324
21000	101.2995
21033.334	12.7857
21066.666	10.5172
21100	40.4786
21133.334	34.2507
21166.666	21.5761
21200	11.5982
21233.334	46.1336
21266.666	0.838
21300	5.0856
21333.334	7.8923
21366.666	6.7939
21400	1.3993
21433.334	2.6412
21466.666	3.6782
21500	5.5254
21533.334	5.3668
21566.666	40.0365
21600	0.662
21633.334	5.1064
21666.666	1.0509
21700	0.6065
21733.334	5.9305
21766.666	2.7141
21800	1.3194
21833.334	0.7836
21866.666	1.5092
21900	38.3479
21933.334	0.8518
21966.666	0.3229
22000	0.06597
22033.334	0.1887
22066.666	3.9641
22100	10.7059
22133.334	2.8692
22166.666	0.5393
22200	7.5936
22233.334	36.8537
22266.666	10.7012
22300	3.2199
22333.334	3.3425
22366.666	31.6917
22400	17.9384
22433.334	3.2905
22466.666	1.706
22500	11.5554
22533.334	62.6832
22566.666	6.3622
22600	5.3032
22633.334	3.6192
22666.666	2.8796
22700	6.633
22733.334	18.2891
22766.666	24.2474
22800	8.5265
22833.334	13.8586
22866.666	36.8942
22900	9.3969
22933.334	25.848
22966.666	8.7464
23000	5.361
23033.334	3.0648
23066.666	1.3032
23100	1.9965
23133.334	2.3518
23166.666	2.5602
23200	37.8039
23233.334	1.8356
23266.666	6.5589
23300	1.4051
23333.334	2.147
23366.666	11.2985
23400	6.8807
23433.334	1.4722
23466.666	1.6342
23500	38.5122
23533.334	14.2151
23566.666	35.9301
23600	0.6643
23633.334	3.3067
23666.666	1.6782
23700	14.4107
23733.334	1.875
23766.666	0.9768
23800	0.1493
23833.334	0.2569
23866.666	2.4652
23900	35.3618
23933.334	1.0752
23966.666	3.5266
24000	3.2025
24033.334	1.7523
24066.666	1.5706
24100	3.684
24133.334	4.6608
24166.666	2.4305
24200	0.3623
24233.334	34.54
24266.666	3.309
24300	2.0289
24333.334	1.5
24366.666	1.228
24400	0.8761
24433.334	1.0509
24466.666	0.8067
24500	0.8576
24533.334	0.5208
24566.666	34.2958
24600	4.6585
24633.334	12.8077
24666.666	1.4317
24700	1.4178
24733.334	1.6967
24766.666	0.8993
24800	0.5891
24833.334	0.4143
24866.666	34.5609
24900	0.9792
24933.334	2.9513
24966.666	1.64
25000	0.5544
25033.334	1.162
25066.666	0.8623
25100	0.4977
25133.334	0.3866
25166.666	0.4363
25200	35.2414
25233.334	0.6655
25266.666	2.0833
25300	3.4837
25333.334	3.6516
25366.666	1.1724
25400	0.5764
25433.334	1.6933
25466.666	0.8055
25500	0.6042
25533.334	33.7357
25566.666	1.6771
25600	15.3424
25633.334	4.0925
25666.666	0.8437
25700	0.6921
25733.334	2.0046
25766.666	0.9143
25800	2.015
25833.334	6.4687
25866.666	35.4567
25900	3.1898
25933.334	1.3877
25966.666	1.2257
26000	1.4051
26033.334	1.9641
26066.666	3.6168
26100	7.5867
26133.334	1.618
26166.666	0.1782
26200	36.6523
26233.334	4.5983
26266.666	7.8992
26300	5.6434
26333.334	0.9074
26366.666	4.6793
26400	5.4733
26433.334	2.1597
26466.666	0.9861
26500	0.1019
26533.334	35.1812
26566.666	13.0635
26600	8.2267
26633.334	6.9594
26666.666	3.7499
26700	1.7453
26733.334	0.3785
26766.666	3.1192
26800	10.1827
26833.334	35.5331
26866.666	0.8229
26900	0.8669
26933.334	2.875
26966.666	7.2719
27000	11.6515
27033.334	3.7835
27066.666	3.9641
27100	1.7453
27133.334	3.059
27166.666	40.4832
27200	10.6087
27233.334	5.4201
27266.666	1.6134
27300	2.169
27333.334	8.42
27366.666	9.6399
27400	6.6469
27433.334	4.2106
27466.666	4.6631
27500	37.8432
27533.334	0.8576
27566.666	7.7059
27600	6.846
27633.334	3.9953
27666.666	1.9398
27700	1.2407
27733.334	0.6667
27766.666	1.1609
27800	0.5162
27833.334	36.9937
27866.666	1.4074
27900	3.8819
27933.334	3.4131
27966.666	0.9629
28000	1.1099
28033.334	1.8993
28066.666	1.7766
28100	0.4861
28133.334	0.05903
28166.666	34.878
28200	3.5335
28233.334	1.3472
28266.666	1.9062
28300	2.6377
28333.334	1.6701
28366.666	5.2198
28400	10.0751
28433.334	4.4282
28466.666	12.3552
28500	35.4868
28533.334	1.1933
28566.666	4.6932
28600	6.7314
28633.334	4.258
28666.666	4.7279
28700	3.5671
28733.334	2.8599
28766.666	1.2407
28800	1.1296
28833.334	33.1639
28866.666	0.9248
28900	3.4699
28933.334	0.9699
28966.666	0.4606
29000	1.1724
29033.334	1.471
29066.666	0.6076
29100	0.3472
29133.334	0.9421
29166.666	34.1662
29200	0.5463
29233.334	0.9479
29266.666	2.0231
29300	1.6111
29333.334	3.6377
29366.666	2.1609
29400	13.4014
29433.334	1.7905
29466.666	36.6546
29500	2.3055
29533.334	2.5451
29566.666	3.0868
29600	1.2384
29633.334	0.7338
29666.666	2.8321
29700	2.5069
29733.334	1.0706
29766.666	1.6886
29800	34.4903
29833.334	3.0694
29866.666	1.9444
29900	0.9097
29933.334	1.728
29966.666	1.5197
30000	1.1423
30033.334	1.5671
30066.666	0.5023
30100	0.3079
30133.334	35.9613
30166.666	2.0463
30200	3.6053
30233.334	4.0011
30266.666	0.831
30300	0.6042
30333.334	1.6979
30366.666	12.2417
30400	0.4444
30433.334	0.7176
30466.666	35.8942
30500	0.7176
30533.334	1.2396
30566.666	112.0911
30600	13.6132
30633.334	12.0635
30666.666	53.593
30700	36.2842
30733.334	21.5194
30766.666	14.5739
30800	43.6348
30833.334	0.5127
30866.666	2.6053
30900	3.9108
30933.334	2.8865
30966.666	5.111
31000	6.5508
31033.334	2.699
31066.666	2.9062
31100	13.4581
31133.334	37.709
31166.666	0.5764
31200	3.4398
31233.334	2.5046
31266.666	8.6596
31300	11.2892
31333.334	20.5692
31366.666	7.0971
31400	4.4398
31433.334	2.1794
31466.666	47.8593
31500	27.7843
31533.334	4.9351
31566.666	3.1076
31600	3.8993
31633.334	9.883
31666.666	18.3886
31700	7.7487
31733.334	10.0959
31766.666	8.5161
31800	37.8236
31833.334	1.3009
31866.666	22.8897
31900	22.6814
31933.334	6.5844
31966.666	4.6029
32000	2.2731
32033.334	4.9189
32066.666	2.3808
32100	40.0029
32133.334	19.8516
32166.666	9.0601
32200	2.5382
32233.334	1.7511
32266.666	17.3643
32300	9.8332
32333.334	10.2151
32366.666	1.853
32400	1.7442
32433.334	37.9196
32466.666	0.6481
32500	1.4687
32533.334	2.9595
32566.666	3.5289
32600	1.3333
32633.334	1.1111
32666.666	1.4097
32700	3.4768
32733.334	4.3113
32766.666	35.8236
32800	0.8264
32833.332	2.75
32866.668	0.9213
32900	1.1007
32933.332	5.8298
32966.668	8.1909
33000	3.0463
33033.332	1.4097
33066.668	1.1308
33100	35.5076
33133.332	1.625
33166.668	5.8506
33200	6.4895
33233.332	14.9385
33266.668	1.3472
33300	1.1898
33333.332	1.7384
33366.668	1.7511
33400	2.4062
33433.332	35.4301
33466.668	1.1493
33500	2.5127
33533.332	6.5624
33566.668	11.6353
33600	3.478
33633.332	3.3495
33666.668	0.9329
33700	1.3472
33733.332	0.772
33766.668	35.1998
33800	5.9964
33833.332	9.3355
33866.668	1.1238
33900	2.1146
33933.332	8.8795
33966.668	4.7129
34000	3.6724
34033.332	1.7928
34066.668	0.441
34100	35.3456
34133.332	1.9838
34166.668	4.6446
34200	13.4396
34233.332	1.7268
34266.668	3.1562
34300	1.3437
34333.332	0.7222
34366.668	3.1053
34400	34.5065
34433.332	0.7836
34466.668	3.5949
34500	0.7662
34533.332	0.5544
34566.668	0.9433
34600	0.7014
34633.332	0.2789
34666.668	0.8923
34700	0.8345
34733.332	36.4995
34766.668	0.7755
34800	2.8217
34833.332	4.7742
34866.668	4.5555
34900	0.8287
34933.332	0.7511
34966.668	1.3391
35000	1.956
35033.332	2.662
35066.668	36.6824
35100	0.8044
35133.332	12.9142
35166.668	0.9375
35200	0.6759
35233.332	0.7708
35266.668	1.4861
35300	0.3692
35333.332	0.3032
35366.668	0.8264
35400	35.5238
35433.332	3.1377
35466.668	0.9398
35500	0.8206
35533.332	3.3958
35566.668	9.7834
35600	7.5902
35633.332	2.7963
35666.668	1.25
35700	0.4294
35733.332	36.9509
35766.668	1.6065
35800	3.7766
35833.332	4.5057
35866.668	0.9236
35900	1.1863
35933.332	1.7095
35966.668	2.0486
36000	3.3136
36033.332	0.09028
36066.668	34.6986
36100	12.6931
36133.332	1.0185
36166.668	3.2349
36200	1.5775
36233.332	2.2141
36266.668	1.2778
36300	1.2234
36333.332	0.919
36366.668	1.2349
36400	35.2599
36433.332	0.6493
36466.668	1.2639
36500	2.3669
36533.332	3.9907
36566.668	0.7905
36600	0.8565
36633.332	1.1794
36666.668	1.0336
36700	0.6285
36733.332	33.613
36766.668	1.1748
36800	3.7673
36833.332	1.919
36866.668	0.5625
36900	1.0706
36933.332	1.2558
36966.668	0.9224
37000	0.2523
37033.332	0.8067
37066.668	37.8155
37100	1.39
37133.332	0.4039
37166.668	0.9907
37200	1.4872
37233.332	0.6493
37266.668	2.3148
37300	2.1076
37333.332	0.5046
37366.668	36.5886
37400	1.8495
37433.332	2.7789
37466.668	3.5972
37500	1.3183
37533.332	1.1551
37566.668	1.1736
37600	1.2882
37633.332	0.4965
37666.668	0.06829
37700	34.3768
37733.332	3.2372
37766.668	0.7998
37800	0.7268
37833.332	0.9421
37866.668	1.3171
37900	0.9629
37933.332	0.8217
37966.668	0.5498
38000	12.4489
38033.332	34.8294
38066.668	0.09954
38100	0.7801
38133.332	2.5474
38166.668	3.478
38200	1.0671
38233.332	0.4456
38266.668	2.353
38300	4.8066
38333.332	1.4641
38366.668	34.2067
38400	0.8206
38433.332	3.0173
38466.668	1.0544
38500	0.588
38533.332	2.4537
38566.668	4.1168
38600	3.7268
38633.332	1.6389
38666.668	0.9467
38700	35.4278
38733.332	0.2454
38766.668	1.566
38800	4.8958
38833.332	3.5023
38866.668	2.5474
38900	1.2373
38933.332	1.9525
38966.668	12.4339
39000	36.003
39033.332	4.6828
39066.668	5.3645
39100	7.0138
39133.332	32.7438
39166.668	10.5786
39200	9.6179
39233.332	4.9756
39266.668	1.5474
39300	0.4456
39333.332	1.169
39366.668	6.0254
39400	4.1955
39433.332	35.0099
39466.668	0.3113
39500	1.184
39533.332	4.1492
39566.668	8.6075
39600	2.5127
39633.332	1.1423
39666.668	1.765
39700	1.1493
39733.332	0.4849
39766.668	34.5447
39800	0.4942
39833.332	12.7348
39866.668	1.2349
39900	0.6065
39933.332	0.6308
39966.668	0.4768
40000	0.2268
40033.332	0.125
40066.668	0.00463
40100	33.2276
40133.332	1.5926
40166.668	19.193
40200	107.355
40233.332	15.3146
40266.668	12.4813
40300	59.1774
40333.332	38.2622
40366.668	25.605
40400	11.0519
40433.332	44.0237
40466.668	2.228
40500	4.2916
40533.332	3.7604
40566.668	3.2407
40600	5.0821
40633.332	5.1238
40666.668	1.4085
40700	1.0787
40733.332	2.9618
40766.668	39.3224
40800	12.1491
40833.332	1.6597
40866.668	0.3484
40900	5.2106
40933.332	5.4895
40966.668	7.986
41000	4.1921
41033.332	1.8565
41066.668	3.3784
41100	35.6558
41133.332	0.9086
41166.668	0.831
41200	3.1713
41233.332	3.1388
41266.668	1.544
41300	1.1099
41333.332	1.4653
41366.668	3.7905
41400	6.2962
41433.332	36.0134
41466.668	2.9421
41500	4.1226
41533.332	2.875
41566.668	2.7766
41600	2.9872
41633.332	1.8345
41666.668	0.9826
41700	1.7731
41733.332	38.2483
41766.668	2.169
41800	1.3993
41833.332	1.2778
41866.668	0.5069
41900	0.9363
41933.332	0.7986
41966.668	0.4236
42000	0.4039
42033.332	0.2662
42066.668	35.1812
42100	1.7025
42133.332	2.7025
42166.668	4.596
42200	1.0856
42233.332	1.566
42266.668	1.1944
42300	2.3298
42333.332	8.1423
42366.668	6.6515
42400	34.9868
42433.332	3.5451
42466.668	0.8981
42500	0.8889
42533.332	5.5127
42566.668	10.1411
42600	7.964
42633.332	3.081
42666.668	0.9757
42700	12.4003
42733.332	36.8294
42766.668	4.2372
42800	11.0496
42833.332	6.7268
42866.668	3.9374
42900	1.4467
42933.332	1.3183
42966.668	2.2685
43000	3.2314
43033.332	5.5566
43066.668	36.8421
43100	0.2407
43133.332	3.0717
43166.668	1.3125
43200	0.9687
43233.332	0.9433
43266.668	1.8345
43300	1.2338
43333.332	1.2384
43366.668	0.6099
43400	35.4937
43433.332	0.1169
43466.668	0.9456
43500	2.4895
43533.332	3.9548
43566.668	1.4514
43600	0.7882
43633.332	2.3333
43666.668	12.4454
43700	1.4872
43733.332	34.8618
43766.668	1.2095
43800	3.3391
43833.332	2.8518
43866.668	1.559
43900	0.6481
43933.332	0.8761
43966.668	0.5081
44000	1.0046
44033.332	0.02315
44066.668	34.2819
44100	4.2303
44133.332	2.3379
44166.668	2.0509
44200	1.0845
44233.332	0.8831
44266.668	1.7187
44300	3.8518
44333.332	4.3275
44366.668	35.6789
44400	2.9768
44433.332	4.0578
44466.668	3.8217
44500	0.9016
44533.332	0.6678
44566.668	2.8206
44600	12.251
44633.332	0.8241
44666.668	0.8495
44700	33.3433
44733.332	0.7616
44766.668	3.5868
44800	0.7234
44833.332	0.5278
44866.668	1.4954
44900	2.2048
44933.332	0.9745
44966.668	1.412
45000	0.9132
45033.332	35.1835
45066.668	0.8264
45100	1.0382
45133.332	3.1365
45166.668	3.2233
45200	1.228
45233.332	0.5995
45266.668	1.6342
45300	1.8842
45333.332	2.5034
45366.668	36.3201
45400	0.2755
45433.332	3.3946
45466.668	1.0046
45500	0.7211
45533.332	2.7465
45566.668	13.222
45600	3.7858
45633.332	3.0544
45666.668	1.0984
45700	34.9035
45733.332	3.9733
45766.668	1.2234
45800	3.5775
45833.332	4.2129
45866.668	4.081
45900	1.3958
45933.332	0.7569
45966.668	3.1111
46000	2.0127
46033.332	34.7715
46066.668	1.7789
46100	2.8923
46133.332	3.8587
46166.668	3.7268
46200	1.7245
46233.332	2.1377
46266.668	2.3032
46300	1.4085
46333.332	34.9266
46366.668	3.5856
46400	1.1377
46433.332	0.581
46466.668	1.353
46500	11.817
46533.332	1.1435
46566.668	0.8796
46600	0.5856
46633.332	0.6516
46666.668	35.6187
46700	2.3703
46733.332	2.4514
46766.668	2.6863
46800	4.2638
46833.332	4.2233
46866.668	3.5
46900	4.2905
46933.332	4.8587
46966.668	1.669
47000	33.2739
47033.332	0.7153
47066.668	3.7106
47100	2.8703
47133.332	1.8518
47166.668	2.3634
47200	1.3009
47233.332	0.4248
47266.668	0.5
47300	0.9838
47333.332	33.8248
47366.668	0.1493
47400	0.9259
47433.332	2.5474
47466.668	12.81
47500	0.434
47533.332	0.5359
47566.668	3.8865
47600	2.0729
47633.332	0.8055
47666.668	36.702
47700	16.8898
47733.332	10.3563
47766.668	7.5566
47800	1.9456
47833.332	1.5532
47866.668	7.0115
47900	16.2891
47933.332	13.8146
47966.668	9.192
48000	37.7495
48033.332	3.4282
48066.668	0.8773
48100	1.6041
48133.332	5.4316
48166.668	6.7823
48200	8.3008
48233.332	4.8911
48266.668	6.2742
48300	0.4907
48333.332	36.6407
48366.668	1.8484
48400	3.4664
48433.332	12.7498
48466.668	3.846
48500	1.5903
48533.332	1.5891
48566.668	0.8646
48600	0.3345
48633.332	2.0729
48666.668	35.4185
48700	1.2847
48733.332	3.0694
48766.668	1.3125
48800	0.7234
48833.332	1.2349
48866.668	1.3194
48900	0.5104
48933.332	0.6111
48966.668	0.8345
49000	34.5169
49033.332	0.2454
49066.668	1.1829
49100	2.8842
49133.332	3.7037
49166.668	0.897
49200	1.4398
49233.332	2.0266
49266.668	1.9398
49300	34.2299
49333.332	0.6134
49366.668	12.3563
49400	1.3715
49433.332	2.5011
49466.668	0.5023
49500	0.9699
49533.332	1.7558
49566.668	0.1736
49600	1.4282
49633.332	34.3549
49666.668	2.8032
49700	5.4421
49733.332	5.8969
49766.668	3.4224
49800	2.0995
49833.332	0.831
49866.668	3.8969
49900	8.5751
49933.332	2.8657
49966.668	36.0771
50000	1.3622
50033.332	12.9431
50066.668	118.635
50100	15.3586
50133.332	14.7359
50166.668	52.8453
50200	46.5549
50233.332	36.7345
50266.668	13.795
50300	43.2795
50333.332	10.9744
50366.668	2.2835
50400	2.6944
50433.332	2.7835
50466.668	9.4466
50500	6.2059
50533.332	6.9895
50566.668	1.5359
50600	3.6273
50633.332	37.5851
50666.668	1.1308
50700	1.3923
50733.332	3.1956
50766.668	3.4108
50800	2.1921
50833.332	2.1933
50866.668	5.8703
50900	9.3205
50933.332	2.0879
50966.668	34.2981
51000	16.7833
51033.332	16.1259
51066.668	4.971
51100	0.5532
51133.332	1.9178
51166.668	6.1353
51200	8.8691
51233.332	44.3084
51266.668	39.4115
51300	1.7129
51333.332	31.003
51366.668	9.4177
51400	11.8633
51433.332	6.5913
51466.668	1.2905
51500	0.9097
51533.332	1.9606
51566.668	1.1215
51600	40.8444
51633.332	3.331
51666.668	7.8344
51700	4.0613
51733.332	1.3495
51766.668	6.6955
51800	11.1688
51833.332	8.6272
51866.668	10.2475
51900	8.9895
51933.332	39.7402
51966.668	3.0486
52000	4.4282
52033.332	11.0357
52066.668	11.5045
52100	10.3691
52133.332	4.3854
52166.668	1.5891
52200	2.9895
52233.332	16.6363
52266.668	37.6731
52300	1.1759
52333.332	1.397
52366.668	3.1365
52400	3.6377
52433.332	7.1457
52466.668	10.6411
52500	14.6109
52533.332	5.9502
52566.668	1.6018
52600	35.6974
52633.332	2.2465
52666.668	7.5809
52700	8.0855
52733.332	1.4433
52766.668	1.596
52800	1.3553
52833.332	0.8981
52866.668	0.4317
52900	1.368
52933.332	37.0365
52966.668	1.7407
53000	4.2847
53033.332	4.4189
53066.668	2.7708
53100	8.9432
53133.332	9.1179
53166.668	5.9177
53200	16.7833
53233.332	5.7395
53266.668	37.5666
53300	1.184
53333.332	2.8854
53366.668	3.5069
53400	3.2187
53433.332	4.155
53466.668	5.1377
53500	2.5752
53533.332	1.6759
53566.668	0.3461
53600	34.2275
53633.332	3.8692
53666.668	4.3402
53700	0.9537
53733.332	2.2419
53766.668	2.3703
53800	3.5358
53833.332	4.8958
53866.668	7.9455
53900	0.2731
53933.332	35.6372
53966.668	22.2948
54000	9.5161
54033.332	6.4941
54066.668	1.4826
54100	1.919
54133.332	12.8737
54166.668	1.9294
54200	1.0729
54233.332	37.3108
54266.668	16.1676
54300	9.4212
54333.332	3.5231
54366.668	1.7176
54400	2.5289
54433.332	2.9838
54466.668	4.3958
54500	2.0821
54533.332	6.2106
54566.668	35.2808
54600	0.2037
54633.332	1.7315
54666.668	3.2083
54700	3.699
54733.332	1.721
54766.668	1.8449
54800	2.0937
54833.332	1.5162
54866.668	0.9398
54900	34.1025
54933.332	0.5787
54966.668	3.2523
55000	0.7755
55033.332	0.5463
55066.668	1.3576
55100	12.3065
55133.332	1.1667
55166.668	0.434
55200	1.9062
55233.332	36.2727
55266.668	3.7013
55300	0.9977
55333.332	1.5648
55366.668	3.0567
55400	1.5984
55433.332	2.9838
55466.668	0.7697
55500	1.397
55533.332	1.412
55566.668	37.0516
55600	0.9294
55633.332	2.6701
55666.668	2.8831
55700	0.9734
55733.332	0.4907
55766.668	0.9803
55800	0.6551
55833.332	0.9815
55866.668	1.9143
55900	34.8143
55933.332	3.1643
55966.668	1.522
56000	1.2916
56033.332	1.6759
56066.668	12.4547
56100	6.8425
56133.332	5.1492
56166.668	5.5613
56200	35.2287
56233.332	0.456
56266.668	1.1805
56300	10.3853
56333.332	7.2985
56366.668	2.7037
56400	1.1319
56433.332	1.1979
56466.668	0.7836
56500	1.4433
56533.332	34.5875
56566.668	0.338
56600	3.8495
56633.332	1.794
56666.668	0.9375
56700	1.8553
56733.332	1.3229
56766.668	2.0127
56800	0.7361
56833.332	1.7673
56866.668	35.5562
56900	0.06366
56933.332	1.0011
56966.668	3.3541
57000	12.9605
57033.332	0.7338
57066.668	0.8958
57100	1.4097
57133.332	0.7153
57166.668	1.8171
57200	35.5296
57233.332	1.0729
57266.668	4.2245
57300	4.4988
57333.332	1.1493
57366.668	2.1643
57400	1.2998
57433.332	1.1238
57466.668	0.6863
57500	0.003472
57533.332	34.4255
57566.668	3.2719
57600	1.2535
57633.332	0.9305
57666.668	1.0486
57700	1.4618
57733.332	0.5185
57766.668	0.8021
57800	0.5116
57833.332	0.39
57866.668	34.6511
57900	1.0266
57933.332	2.8935
57966.668	12.2626
58000	2.2685
58033.332	5.7546
58066.668	7.1851
58100	0.8553
58133.332	1.2859
58166.668	0.3599
58200	35.2495
58233.332	0.7199
58266.668	5.0358
58300	1.9815
58333.332	1.7488
58366.668	1.9942
58400	1.1319
58433.332	0.4873
58466.668	0.184
58500	0.8958
58533.332	34.8363
58566.668	0.3067
58600	1.1504
58633.332	3.7824
58666.668	2.9733
58700	1.5845
58733.332	1.919
58766.668	3.5069
58800	0.8808
58833.332	0.7373
58866.668	33.3456
58900	0.588
58933.332	12.4582
58966.668	1.0116
59000	0.5903
59033.332	0.5949
59066.668	35.1673
59100	2.8298
59133.332	1.9386
59166.668	34.8896
59200	2.6458
59233.332	2.4143
59266.668	2.4548
59300	2.1713
59333.332	3.3171
59366.668	1.6898
59400	0.4398
59433.332	0.4491
59466.668	35.1974
59500	0.6111
59533.332	17.8898
59566.668	115.7658
59600	20.4361
59633.332	6.8761
59666.668	55.4645
59700	55.2654
59733.332	32.6975
59766.668	16.0727
59800	45.8478
59833.332	10.611
59866.668	3.0995
59900	0.7095
59933.332	11.3714
59966.668	18.2555
60000	8.5774
60033.332	3.0185
60066.668	4.3252
60100	4.2719
60133.332	38.8999
60166.668	0.1505
60200	1.4109
60233.332	3.662
60266.668	3.5671
60300	2.0092
60333.332	3.4108
60366.668	1.5486
60400	2.4062
60433.332	3.9618
60466.668	35.6384
60500	5.1597
60533.332	17.0958
60566.668	2.0683
60600	7.133
60633.332	11.2649
60666.668	10.6885
60700	5.971
60733.332	4.2175
60766.668	37.9995
60800	1.0254
60833.332	9.0496
60866.668	8.4721
60900	4.3703
60933.332	2.0578
60966.668	4.9594
61000	6.7406
61033.332	4.4328
61066.668	3.1145
61100	37.6141
61133.332	1.1215
61166.668	4.5023
61200	8.9802
61233.332	3.7824
61266.668	1.2141
61300	1.5266
61333.332	0.6261
61366.668	0.9583
61400	1.1435
61433.332	35.0759
61466.668	3.2731
61500	2.4224
61533.332	2.3044
61566.668	1.6736
61600	2.3958
61633.332	12.1387
61666.668	8.5601
61700	2.581
61733.332	15.7081
61766.668	37.7067
61800	2.0081
61833.332	3.2638
61866.668	7.2268
61900	6.1955
61933.332	1.6828
61966.668	1.6319
62000	6.5879
62033.332	6.7499
62066.668	2.5902
62100	36.0435
62133.332	0.559
62166.668	4.6041
62200	4.4617
62233.332	4.0185
62266.668	3.037
62300	3.5601
62333.332	4.1504
62366.668	0.4745
62400	1.3426
62433.332	35.5979
62466.668	0.09375
62500	3.1088
62533.332	5.7615
62566.668	3.2638
62600	2.0127
62633.332	2.3055
62666.668	2.9479
62700	11.8887
62733.332	0.162
62766.668	33.3028
62800	1.3553
62833.332	2.7696
62866.668	2.7349
62900	1.5162
62933.332	0.9259
62966.668	2.3102
63000	0.8484
63033.332	1.1782
63066.668	0.581
63100	31.9544
63133.332	3.3819
63166.668	0.9294
63200	0.64
63233.332	0.9965
63266.668	2.8634
63300	4.986
63333.332	3.677
63366.668	3.5706
63400	34.9011
63433.332	3.3287
63466.668	20.524
63500	10.2719
63533.332	3.3657
63566.668	1.7361
63600	2.0764
63633.332	14.5947
63666.668	2.2187
63700	2.5358
63733.332	36.2125
63766.668	1.0729
63800	4.4884
63833.332	1.5532
63866.668	1.1504
63900	2.6632
63933.332	2.4814
63966.668	1.1782
64000	0.3981
64033.332	0.9167
64066.668	35.6072
64100	0.4537
64133.332	2.6794
64166.668	7.6723
64200	4.9467
64233.332	1.0197
64266.668	1.7361
64300	3.6585
64333.332	3.1504
64366.668	2.4965
64400	33.1211
64433.332	0.6447
64466.668	2.6851
64500	7.2719
64533.332	6.5115
64566.668	3.7824
64600	12.4281
64633.332	2.3252
64666.668	1.0625
64700	0.03125
64733.332	34.5076
64766.668	3.4421
64800	1.2072
64833.332	1.1724
64866.668	1.7384
64900	2.3912
64933.332	3.2743
64966.668	2.4375
65000	2.5486
65033.332	1.4803
65066.668	35.2738
65100	1.1123
65133.332	2.993
65166.668	3.8587
65200	5.1805
65233.332	4.2604
65266.668	1.8912
65300	2.2349
65333.332	3.2314
65366.668	1.7372
65400	33.628
65433.332	3.9548
65466.668	1.0798
65500	3.1585
65533.332	2.9687
65566.6641	16.0241
65600	6.1434
65633.3359	1.8761
65666.6641	4.7152
65700	35.3884
65733.3359	0.1979
65766.6641	0.8495
65800	3.3495
65833.3359	4.2083
65866.6641	2.2569
65900	1.3437
65933.3359	1.0752
65966.6641	1.4641
66000	1.4236
66033.3359	32.2866
66066.6641	0.3345
66100	2.9097
66133.3359	1.2673
66166.6641	1.6713
66200	2.0034
66233.3359	3.0405
66266.6641	1.9548
66300	1.8055
66333.3359	1.1435
66366.6641	35.5134
66400	0.5301
66433.3359	1.2257
66466.6641	3.5914
66500	12.5137
66533.3359	0.5903
66566.6641	0.3785
66600	0.6562
66633.3359	0.7164
66666.6641	0.02431
66700	34.6859
66733.3359	1.625
66766.6641	2.9016
66800	3.1192
66833.3359	0.9062
66866.6641	0.5625
66900	1.5197
66933.3359	0.7234
66966.6641	0.5162
67000	0.03241
67033.3359	34.0262
67066.6641	3.5358
67100	1.0741
67133.3359	0.6389
67166.6641	1.2697
67200	1.7025
67233.3359	2.9444
67266.6641	1.6377
67300	1.4051
67333.3359	0.07639
67366.6641	33.709
67400	1.7465
67433.3359	6.0636
67466.6641	16.1989
67500	4.8495
67533.3359	0.441
67566.6641	0.375
67600	3.1944
67633.3359	5.6087
67666.6641	1.9595
67700	34.6789
67733.3359	0.4444
67766.6641	2.8101
67800	1.3403
67833.3359	16.6745
67866.6641	3.2395
67900	1.1053
67933.3359	1.4479
67966.6641	1.7048
68000	34.3248
68033.3359	6.9027
68066.6641	2.4456
68100	34.3514
68133.3359	0.7477
68166.6641	0.7558
68200	1.2153
68233.3359	1.272
68266.6641	1.5694
68300	0.1725
68333.3359	0.8704
68366.6641	11.7533
68400	34.2576
68433.3359	0.2419
68466.6641	1.3866
68500	2.7465
68533.3359	3.206
68566.6641	1.0717
68600	1.2338
68633.3359	1.7315
68666.6641	0.9456
68700	0.9143
68733.3359	31.5875
68766.6641	0.5139
68800	2.7708
68833.3359	1.2998
68866.6641	1.3333
68900	1.0069
68933.3359	0.7419
68966.6641	0.3507
69000	0.9838
69033.3359	0.9294
69066.6641	33.5887
69100	0.3704
69133.3359	0.8623
69166.6641	3.0983
69200	3.5381
69233.3359	0.9259
69266.6641	1.0984
69300	1.1192
69333.3359	12.0751
69366.6641	0.1273
69400	34.5632
69433.3359	1.6203
69466.6641	2.9074
69500	4.0324
69533.3359	2.3391
69566.6641	2.0382
69600	2.0335
69633.3359	1.331
69666.6641	0.7697
69700	0.6134
69733.3359	33.6928
69766.6641	3.0115
69800	0.9444
69833.3359	0.8136
69866.6641	1.5301
69900	0.7141
69933.3359	1.493
69966.6641	1.4004
70000	0.5278
70033.3359	0.6366
70066.6641	34.8803
70100	2.7685
70133.3359	2.787
70166.6641	1.8426
70200	6.3332
70233.3359	3.5891
70266.6641	12.9327
70300	1.0405
70333.3359	0.3993
70366.6641	35.981
70400	2.2488
70433.3359	6.486
70466.6641	1.2465
70500	1.1227
70533.3359	2.0266
70566.6641	2.559
70600	1.7315
70633.3359	0.5509
70666.6641	0.4965
70700	35.1835
70733.3359	0.06366
70766.6641	1.5937
70800	3.3125
70833.3359	3.2453
70866.6641	1.0069
70900	2.0798
70933.3359	2.074
