0	52.1496
33.3333	46.8681
66.6667	46.7765
100	45.6928
133.3333	46.2613
166.6667	44.5152
200	42.7145
233.3333	42.5926
266.6667	42.4546
300	42.1703
333.3333	41.9533
366.6667	40.8198
400	40.778
433.3333	40.7873
466.6667	40.9196
500	40.9555
533.3333	41.0669
566.6667	41.0681
600	41.0112
633.3333	41.0031
666.6667	40.4949
700	40.4624
733.3333	40.2478
766.6667	41.1945
800	44.4397
833.3333	43.0556
866.6667	46.679
900	43.9872
933.3333	43.5696
966.6667	41.4579
1000	41.5635
1033.3334	41.6273
1066.6666	41.6029
1100	41.719
1133.3334	41.7201
1166.6666	41.7921
1200	43.6543
1233.3334	43.9002
1266.6666	43.7378
1300	41.2386
1333.3334	41.5681
1366.6666	41.712
1400	41.7248
1433.3334	41.7422
1466.6666	42.1541
1500	42.0902
1533.3334	42.081
1566.6666	41.9185
1600	43.7912
1633.3334	47.0515
1666.6666	47.1675
1700	46.8414
1733.3334	47.1605
1766.6666	46.679
1800	46.6686
1833.3334	46.0339
1866.6666	46.0397
1900	44.9804
1933.3334	44.8702
1966.6666	40.6098
2000	40.8198
2033.3334	40.807
2066.6667	40.778
2100	40.8465
2133.3333	40.7107
2166.6667	40.6782
2200	40.6921
2233.3333	40.6991
2266.6667	40.6956
2300	42.6646
2333.3333	42.7817
2366.6667	43.1646
2400	42.8943
2433.3333	43.754
2466.6667	43.5347
2500	42.9175
2533.3333	42.3722
2566.6667	42.8943
2600	42.8293
2633.3333	41.7445
2666.6667	41.7526
2700	42.2678
2733.3333	42.3873
2766.6667	42.3907
2800	42.9801
2833.3333	42.9558
2866.6667	42.9314
2900	42.9314
2933.3333	40.8267
2966.6667	41.1586
3000	41.1922
3033.3333	41.1261
3066.6667	41.1087
3100	41.169
3133.3333	41.285
3166.6667	41.2827
3200	42.7307
3233.3333	42.8305
3266.6667	43.1252
3300	43.2157
3333.3333	43.0822
3366.6667	43.196
3400	43.2493
3433.3333	43.131
3466.6667	43.1252
3500	46.4922
3533.3333	47.1292
3566.6667	47.2475
3600	47.0526
3633.3333	47.2557
3666.6667	45.6847
3700	45.2229
3733.3333	44.6057
3766.6667	45.3169
3800	45.274
3833.3333	44.3608
3866.6667	44.3968
3900	48.3695
3933.3333	48.4983
3966.6667	48.6004
4000	44.7936
4033.3333	44.2344
4066.6667	44.4409
4100	44.4339
4133.3335	44.5233
4166.6665	44.536
4200	44.5442
4233.3335	44.5302
4266.6665	40.5587
4300	40.5796
4333.3335	40.7258
4366.6665	40.7304
4400	40.8615
4433.3335	40.8441
4466.6665	40.9822
4500	41.0089
4533.3335	40.836
4566.6665	40.865
4600	40.8035
4633.3335	40.7873
4666.6665	42.9221
4700	45.7357
4733.3335	45.8355
4766.6665	45.8483
4800	45.7671
4833.3335	44.6358
4866.6665	43.2366
4900	42.697
4933.3335	40.1016
4966.6665	39.9751
5000	39.7059
5033.3335	40.0157
5066.6665	40.0935
5100	40.0935
5133.3335	40.083
5166.6665	40.0621
5200	40.1248
5233.3335	40.1283
5266.6665	40.7873
5300	41.0391
5333.3335	41.1145
5366.6665	41.1783
5400	41.1319
5433.3335	41.1934
5466.6665	41.1887
5500	41.2027
5533.3335	41.2119
5566.6665	40.5193
5600	40.5738
5633.3335	40.4114
5666.6665	41.4359
5700	41.3964
5733.3335	41.3523
5766.6665	41.3778
5800	51.494
5833.3335	52.1136
5866.6665	51.9825
5900	45.5837
5933.3335	45.0825
5966.6665	45.4283
6000	44.7391
6033.3335	44.6381
6066.6665	44.2564
6100	44.1172
6133.3335	44.0963
6166.6665	43.768
6200	43.7331
6233.3335	42.4836
6266.6665	42.4383
6300	42.4696
6333.3335	42.2805
6366.6665	42.4511
6400	42.4627
6433.3335	42.4975
6466.6665	42.4476
6500	42.4035
6533.3335	42.2376
6566.6665	41.4069
6600	41.4254
6633.3335	42.1076
6666.6665	42.0566
6700	41.9858
6733.3335	41.9939
6766.6665	42.009
6800	41.9626
6833.3335	41.9789
6866.6665	41.9638
6900	38.2197
6933.3335	38.6814
6966.6665	38.9379
7000	38.8241
7033.3335	38.7429
7066.6665	38.8102
7100	38.7522
7133.3335	38.8299
7166.6665	38.8079
7200	38.8149
7233.3335	39.0713
7266.6665	38.9564
7300	38.9112
7333.3335	39.0782
7366.6665	39.069
7400	39.0574
7433.3335	39.1305
7466.6665	39.1676
7500	39.1769
7533.3335	13.7652
7566.6665	0.6196
7600	0.1218
7633.3335	0.08122
7666.6665	0.7994
7700	1.3053
7733.3335	1.8413
7766.6665	1.745
7800	1.7624
7833.3335	35.9328
7866.6665	35.7936
7900	35.6497
7933.3335	34.6693
7966.6665	35.7518
8000	35.8771
8033.3335	39.2488
8066.6665	40.3905
8100	40.5344
8133.3335	40.2965
8166.6665	39.8196
8200	39.75
8233.333	40.3336
8266.667	40.3464
8300	40.3475
8333.333	40.0969
8366.667	40.2211
8400	40.1654
8433.333	40.141
8466.667	40.1213
8500	41.6656
8533.333	41.7062
8566.667	41.6923
8600	41.7143
8633.333	41.69
8666.667	41.777
8700	41.7074
8733.333	41.6981
8766.667	41.7085
8800	41.6053
8833.333	41.1876
8866.667	40.9451
8900	40.7188
8933.333	41.0518
8966.667	40.9671
9000	40.9474
9033.333	40.8523
9066.667	40.959
9100	40.9984
9133.333	40.9741
9166.667	40.1932
9200	40.5123
9233.333	40.597
9266.667	40.5297
9300	40.3011
9333.333	40.3522
9366.667	40.228
9400	40.264
9433.333	40.2768
9466.667	40.981
9500	39.9925
9533.333	39.9716
9566.667	40.0888
9600	40.0273
9633.333	40.2559
9666.667	40.2803
9700	40.2721
9733.333	40.2037
9766.667	40.3267
9800	40.3429
9833.333	39.4901
9866.667	39.3787
9900	39.7199
9933.333	39.8138
9966.667	39.7558
10000	39.808
10033.333	39.8382
10066.667	39.9055
10100	39.8777
10133.333	39.8835
10166.667	39.3579
10200	39.3764
10233.333	39.2221
10266.667	39.0748
10300	39.3045
10333.333	39.5168
10366.667	39.4008
10400	39.388
10433.333	39.7013
10466.667	39.7059
10500	39.4658
10533.333	39.3451
10566.667	39.1351
10600	39.2975
10633.333	39.3799
10666.667	39.3718
10700	39.598
10733.333	39.5075
10766.667	39.5539
10800	39.4078
10833.333	39.5632
10866.667	39.6827
10900	39.6189
10933.333	39.663
10966.667	39.6259
11000	39.6955
11033.333	39.7071
11066.667	39.7581
11100	39.7361
11133.333	39.8869
11166.667	39.8428
11200	39.3207
11233.333	39.7999
11266.667	39.8034
11300	39.815
11333.333	39.7674
11366.667	50.0565
11400	46.65
11433.333	44.8957
11466.667	42.8015
11500	42.74
11533.333	43.0648
11566.667	45.231
11600	44.876
11633.333	44.9352
11666.667	44.8505
11700	44.5639
11733.333	44.5407
11766.667	148.8885
11800	139.5764
11833.333	99.324
11866.667	60.5242
11900	58.4578
11933.333	58.0506
11966.667	56.8729
12000	56.432
12033.333	55.9981
12066.667	55.628
12100	55.0699
12133.333	45.9794
12166.667	46.3971
12200	46.1302
12233.333	45.5466
12266.667	45.1046
12300	44.8539
12333.333	44.1137
12366.667	44.2205
12400	44.2622
12433.333	44.2645
12466.667	41.8559
12500	41.7317
12533.333	41.8802
12566.667	41.8211
12600	41.8234
12633.333	41.7364
12666.667	41.7747
12700	41.7387
12733.333	41.8396
12766.667	41.835
12800	41.3871
12833.333	41.3662
12866.667	41.1029
12900	41.4892
12933.333	41.5577
12966.667	41.567
13000	41.4962
13033.333	41.6053
13066.667	41.6215
13100	42.1413
13133.333	46.3866
13166.667	46.6662
13200	46.7103
13233.333	46.7382
13266.667	48.4078
13300	48.9032
13333.333	49.4984
13366.667	48.6862
13400	48.2593
13433.333	48.1931
13466.667	43.8979
13500	44.0162
13533.333	43.9432
13566.667	44.1369
13600	44.2054
13633.333	44.3365
13666.667	44.3736
13700	44.3388
13733.333	43.7633
13766.667	43.1681
13800	43.1449
13833.333	43.0846
13866.667	43.1252
13900	42.8641
13933.333	43.0382
13966.667	42.4441
14000	42.4093
14033.333	42.2689
14066.667	42.3896
14100	40.3522
14133.333	40.3626
14166.667	40.2629
14200	40.257
14233.333	41.2061
14266.667	41.2119
14300	41.2201
14333.333	41.1945
14366.667	41.2038
14400	41.1632
14433.333	39.8765
14466.667	39.8475
14500	39.6143
14533.333	39.8452
14566.667	39.9241
14600	39.8475
14633.333	39.8057
14666.667	39.8568
14700	39.9751
14733.333	39.9832
14766.667	41.4962
14800	41.8141
14833.333	41.77
14866.667	41.7631
14900	41.5507
14933.333	41.654
14966.667	41.6586
15000	41.6923
15033.333	41.6424
15066.667	41.6389
15100	40.5483
15133.333	40.3998
15166.667	40.1248
15200	41.2386
15233.333	41.1551
15266.667	41.1597
15300	41.1354
15333.333	41.1528
15366.667	41.1609
15400	41.1586
15433.333	39.779
15466.667	39.9925
15500	40.0946
15533.333	40.0424
15566.667	40.0842
15600	40.0842
15633.333	40.1294
15666.667	40.1747
15700	40.1909
15733.333	41.6482
15766.667	41.6389
15800	41.5438
15833.333	41.2189
15866.667	41.5948
15900	41.6331
15933.333	41.5716
15966.667	41.4359
16000	41.5252
16033.333	41.4962
16066.667	41.2224
16100	41.1783
16133.333	42.1459
16166.667	43.7297
16200	47.2928
16233.333	47.0619
16266.667	45.9689
16300	45.8518
16333.333	46.0281
16366.667	45.5338
16400	40.8639
16433.334	41.1481
16466.666	41.3268
16500	41.2015
16533.334	41.1284
16566.666	41.2792
16600	42.1134
16633.334	42.2469
16666.666	41.9011
16700	41.915
16733.334	47.9994
16766.666	47.7754
16800	46.4655
16833.334	44.5291
16866.666	44.2564
16900	44.3736
16933.334	44.1102
16966.666	44.0557
17000	43.7784
17033.334	43.725
17066.666	40.9752
17100	42.4105
17133.334	42.5207
17166.666	42.3757
17200	41.944
17233.334	41.8988
17266.666	41.8976
17300	41.8965
17333.334	45.5095
17366.666	48.0179
17400	45.2983
17433.334	45.3389
17466.666	50.3489
17500	48.2314
17533.334	47.5863
17566.666	45.9945
17600	45.3865
17633.334	44.731
17666.666	43.9907
17700	45.2624
17733.334	43.6044
17766.666	43.4582
17800	43.8051
17833.334	43.6879
17866.666	43.7134
17900	43.6403
17933.334	43.6427
17966.666	43.4651
18000	43.435
18033.334	43.4245
18066.666	42.1367
18100	41.9997
18133.334	42.0589
18166.666	44.9897
18200	44.9479
18233.334	44.9967
18266.666	44.7785
18300	43.9536
18333.334	42.6773
18366.666	41.1528
18400	41.1017
18433.334	40.8789
18466.666	41.0182
18500	41.0495
18533.334	41.0367
18566.666	41.1435
18600	41.0913
18633.334	41.1504
18666.666	41.1504
18700	40.3418
18733.334	40.597
18766.666	40.7072
18800	40.6063
18833.334	40.6585
18866.666	41.0901
18900	41.9301
18933.334	42.979
18966.666	43.3758
19000	43.1368
19033.334	41.408
19066.666	41.3848
19100	41.2897
19133.334	41.0356
19166.666	41.3117
19200	41.3941
19233.334	41.4359
19266.666	41.4672
19300	41.5043
19333.334	41.5507
19366.666	40.9625
19400	41.0518
19433.334	41.0831
19466.666	41.1899
19500	41.1806
19533.334	41.3407
19566.666	41.8338
19600	41.8373
19633.334	41.4301
19666.666	41.3198
19700	40.6074
19733.334	40.5634
19766.666	40.423
19800	40.2547
19833.334	40.5332
19866.666	40.5889
19900	40.5135
19933.334	40.4821
19966.666	41.1667
20000	41.2131
20033.334	40.9915
20066.666	40.9033
20100	40.7362
20133.334	40.9462
20166.666	41.0913
20200	41.0785
20233.334	41.046
20266.666	41.0982
20300	41.1493
20333.334	41.1423
20366.666	41.5496
20400	41.8071
20433.334	41.7886
20466.666	41.7665
20500	41.8153
20533.334	41.8744
20566.666	41.9116
20600	41.8942
20633.334	42.0728
20666.666	42.0299
20700	41.7584
20733.334	41.7549
20766.666	41.4312
20800	41.7201
20833.334	41.6876
20866.666	41.7201
20900	41.7897
20933.334	41.8315
20966.666	42.1703
21000	42.1007
21033.334	42.1158
21066.666	42.4488
21100	42.5601
21133.334	42.5474
21166.666	42.6147
21200	42.7214
21233.334	42.7121
21266.666	42.6738
21300	42.7551
21333.334	43.189
21366.666	43.1727
21400	43.211
21433.334	42.8166
21466.666	43.0115
21500	43.0822
21533.334	42.8618
21566.666	42.8966
21600	53.1161
21633.334	158.956
21666.666	155.9196
21700	97.3295
21733.334	64.7788
21766.666	62.6498
21800	61.3642
21833.334	60.9848
21866.666	60.6623
21900	60.3409
21933.334	60.1297
21966.666	58.2443
22000	45.1719
22033.334	45.151
22066.666	45.2252
22100	45.2043
22133.334	45.2449
22166.666	44.8667
22200	44.724
22233.334	44.7089
22266.666	44.6393
22300	44.6381
22333.334	42.3965
22366.666	42.3838
22400	42.1401
22433.334	42.3374
22466.666	42.3525
22500	42.2956
22533.334	42.3072
22566.666	42.2388
22600	42.3014
22633.334	42.2805
22666.666	41.9336
22700	42.1529
22733.334	42.1935
22766.666	42.1761
22800	42.1471
22833.334	42.7504
22866.666	42.6808
22900	42.6379
22933.334	42.6193
22966.666	42.7388
23000	41.1238
23033.334	45.26
23066.666	45.9782
23100	45.7125
23133.334	45.1684
23166.666	43.7587
23200	42.8479
23233.334	42.3409
23266.666	42.1367
23300	42.1935
23333.334	41.9174
23366.666	41.9545
23400	42.1633
23433.334	42.1633
23466.666	42.1332
23500	42.1831
23533.334	42.19
23566.666	42.1726
23600	42.1599
23633.334	41.8222
23666.666	42.5578
23700	42.6042
23733.334	42.5509
23766.666	43.0567
23800	42.9129
23833.334	42.9105
23866.666	42.849
23900	42.4638
23933.334	42.4998
23966.666	41.9452
24000	47.6617
24033.334	47.5492
24066.666	47.6617
24100	47.1234
24133.334	46.2544
24166.666	44.326
24200	43.8793
24233.334	43.573
24266.666	43.3421
24300	41.8628
24333.334	42.313
24366.666	42.4325
24400	42.4604
24433.334	42.4696
24466.666	42.4975
24500	42.5068
24533.334	42.5311
24566.666	42.501
24600	42.4395
24633.334	41.6923
24666.666	41.6331
24700	41.5496
24733.334	42.6994
24766.666	42.6901
24800	42.7736
24833.334	42.7643
24866.666	42.8305
24900	42.8386
24933.334	42.8293
24966.666	41.5403
25000	41.5449
25033.334	41.712
25066.666	41.8303
25100	41.7689
25133.334	41.6644
25166.666	41.7166
25200	41.8153
25233.334	41.8257
25266.666	42.306
25300	42.3211
25333.334	42.1564
25366.666	42.1981
25400	42.4116
25433.334	42.6448
25466.666	42.6007
25500	42.6646
25533.334	42.6936
25566.666	42.7458
25600	41.567
25633.334	41.6215
25666.666	42.2086
25700	42.1413
25733.334	42.1483
25766.666	42.1517
25800	42.1483
25833.334	42.1784
25866.666	42.2318
25900	42.2643
25933.334	41.8582
25966.666	41.9255
26000	41.9847
26033.334	41.929
26066.666	42.0113
26100	42.2097
26133.334	42.262
26166.666	42.2631
26200	42.3072
26233.334	42.3397
26266.666	43.5231
26300	43.3851
26333.334	43.1391
26366.666	43.2981
26400	43.3804
26433.334	43.4199
26466.666	43.2273
26500	43.0672
26533.334	43.4535
26566.666	43.4442
26600	43.8306
26633.334	44.5233
26666.666	44.4479
26700	44.4815
26733.334	44.4664
26766.666	44.507
26800	44.4467
26833.334	44.42
26866.666	44.4977
26900	44.5152
26933.334	43.8074
26966.666	43.7459
27000	43.6589
27033.334	43.3108
27066.666	43.6183
27100	43.7041
27133.334	43.5765
27166.666	43.638
27200	43.6136
27233.334	43.6891
27266.666	42.197
27300	42.1448
27333.334	42.639
27366.666	42.6611
27400	42.6669
27433.334	42.7133
27466.666	42.762
27500	42.7551
27533.334	42.7377
27566.666	43.0672
27600	43.0347
27633.334	43.1078
27666.666	43.0985
27700	43.0939
27733.334	43.0741
27766.666	43.1043
27800	43.1066
27833.334	43.1055
27866.666	43.0521
27900	42.559
27933.334	42.4569
27966.666	42.2016
28000	42.5253
28033.334	42.6367
28066.666	42.5717
28100	42.5845
28133.334	42.6112
28166.666	42.682
28200	42.682
28233.334	44.8679
28266.666	45.028
28300	45.2055
28333.334	45.0825
28366.666	45.1858
28400	45.1336
28433.334	45.2148
28466.666	45.1927
28500	45.2647
28533.334	45.6301
28566.666	43.0045
28600	43.0811
28633.334	42.9627
28666.666	42.7667
28700	43.0219
28733.334	43.1751
28766.666	43.0347
28800	43.0161
28833.334	43.0637
28866.666	43.0335
28900	42.0311
28933.334	41.9742
28966.666	42.0636
29000	42.1262
29033.334	42.0902
29066.666	42.1123
29100	42.1749
29133.334	42.4511
29166.666	42.4128
29200	42.3733
29233.334	44.5163
29266.666	44.4374
29300	44.3133
29333.334	44.0325
29366.666	44.3168
29400	44.3666
29433.334	44.3458
29466.666	44.4038
29500	44.905
29533.334	44.8713
29566.666	42.8386
29600	42.7249
29633.334	42.5729
29666.666	42.791
29700	42.9349
29733.334	42.8746
29766.666	42.8084
29800	42.9001
29833.334	42.9999
29866.666	42.9662
29900	43.2888
29933.334	43.4419
29966.666	43.5568
30000	43.515
30033.334	43.6786
30066.666	43.6194
30100	43.6577
30133.334	43.6427
30166.666	43.7041
30200	43.7099
30233.334	44.1288
30266.666	43.9339
30300	43.6566
30333.334	43.9942
30366.666	43.9629
30400	44.0035
30433.334	44.5569
30466.666	44.5581
30500	44.5941
30533.334	43.6032
30566.666	43.609
30600	43.9652
30633.334	43.9571
30666.666	43.8967
30700	43.79
30733.334	43.9246
30766.666	43.9768
30800	43.9756
30833.334	44.0244
30866.666	44.2599
30900	44.1775
30933.334	44.0615
30966.666	43.9223
31000	44.1404
31033.334	44.2587
31066.666	44.2042
31100	44.2796
31133.334	44.181
31166.666	44.2367
31200	43.1844
31233.334	43.2296
31266.666	43.392
31300	43.5023
31333.334	43.4083
31366.666	43.4698
31400	44.2042
31433.334	44.0406
31466.666	44.9584
31500	162.5551
31533.334	149.9954
31566.666	105.0057
31600	67.5066
31633.334	63.361
31666.666	61.6218
31700	60.5938
31733.334	59.7875
31766.666	59.234
31800	59.2224
31833.334	58.1805
31866.666	50.0043
31900	49.8175
31933.334	49.8662
31966.666	49.6168
32000	49.7653
32033.334	49.6829
32066.666	49.836
32100	49.1747
32133.334	49.2919
32166.666	48.8603
32200	43.9872
32233.334	44.3028
32266.666	44.4061
32300	44.3446
32333.334	44.4896
32366.666	44.5755
32400	44.4943
32433.334	44.6184
32466.666	44.6045
32500	44.6138
32533.334	43.4002
32566.666	43.4187
32600	43.3259
32633.334	43.3967
32666.666	43.5893
32700	43.5347
32733.334	43.5533
32766.666	43.5846
32800	43.6798
32833.332	42.7794
32866.668	42.7794
32900	42.9685
32933.332	43.1333
32966.668	43.1217
33000	43.0718
33033.332	43.1449
33066.668	43.1983
33100	43.1971
33133.332	43.2041
33166.668	44.7356
33200	44.6381
33233.332	44.6184
33266.668	44.3759
33300	45.3064
33333.332	45.3273
33366.668	45.2333
33400	45.0918
33433.332	45.1173
33466.668	45.0872
33500	45.021
33533.332	44.7959
33566.668	44.7611
33600	44.8168
33633.332	44.9978
33666.668	44.8458
33700	44.9967
33733.332	44.8644
33766.668	45.0872
33800	45.0396
33833.332	43.0718
33866.668	43.1182
33900	43.1577
33933.332	43.1878
33966.668	43.2644
34000	43.2737
34033.332	43.7308
34066.668	43.7331
34100	43.7517
34133.332	43.7494
34166.668	44.3226
34200	44.1497
34233.332	44.1218
34266.668	45.0698
34300	45.0245
34333.332	45.0744
34366.668	45.0744
34400	45.0872
34433.332	45.0744
34466.668	45.0756
34500	42.9952
34533.332	42.9175
34566.668	43.1403
34600	43.2899
34633.332	43.2319
34666.668	43.2934
34700	43.276
34733.332	43.341
34766.668	43.3224
34800	43.3456
34833.332	44.5117
34866.668	44.514
34900	44.4038
34933.332	44.2727
34966.668	44.398
35000	44.4873
35033.332	44.326
35066.668	44.4792
35100	44.5766
35133.332	44.6347
35166.668	44.3075
35200	44.2564
35233.332	45.2159
35266.668	45.2078
35300	45.2531
35333.332	45.2496
35366.668	45.2229
35400	45.2159
35433.332	45.1579
35466.668	43.6763
35500	43.8492
35533.332	43.9942
35566.668	43.9211
35600	44.1056
35633.332	44.0522
35666.668	44.1288
35700	44.1323
35733.332	44.1555
35766.668	44.159
35800	44.5906
35833.332	44.5465
35866.668	44.4235
35900	44.6335
35933.332	44.753
35966.668	44.6555
36000	44.7298
36033.332	44.7507
36066.668	44.8006
36100	44.782
36133.332	43.6763
36166.668	44.0151
36200	43.9896
36233.332	43.9733
36266.668	43.9443
36300	43.9896
36333.332	43.9826
36366.668	44.0348
36400	43.9884
36433.332	43.978
36466.668	44.6196
36500	44.6196
36533.332	44.5175
36566.668	44.4165
36600	44.6347
36633.332	44.753
36666.668	44.7054
36700	44.6776
36733.332	44.695
36766.668	44.8157
36800	43.754
36833.332	43.7912
36866.668	44.116
36900	44.2576
36933.332	44.2077
36966.668	44.2042
37000	44.2738
37033.332	44.2123
37066.668	44.2297
37100	44.246
37133.332	44.0731
37166.668	44.087
37200	44.116
37233.332	44.1346
37266.668	44.1648
37300	44.1207
37333.332	44.1079
37366.668	44.0023
37400	43.9849
37433.332	43.9872
37466.668	44.0186
37500	43.9107
37533.332	43.674
37566.668	43.8294
37600	43.9849
37633.332	43.8944
37666.668	44.0348
37700	43.9327
37733.332	44.0453
37766.668	44.0476
37800	43.8074
37833.332	43.9977
37866.668	44.1566
37900	44.0998
37933.332	44.1532
37966.668	44.2332
38000	44.3098
38033.332	44.3295
38066.668	44.4745
38100	44.8203
38133.332	44.4699
38166.668	44.5047
38200	44.3643
38233.332	44.0998
38266.668	44.2274
38300	44.3353
38333.332	44.7774
38366.668	44.7252
38400	44.7936
38433.332	44.818
38466.668	44.7078
38500	44.6985
38533.332	45.0384
38566.668	45.0674
38600	44.8481
38633.332	44.9224
38666.668	44.905
38700	45.3378
38733.332	45.318
38766.668	45.3204
38800	45.3401
38833.332	45.2716
38866.668	45.0814
38900	45.2705
38933.332	45.3737
38966.668	45.2832
39000	45.5188
39033.332	45.955
39066.668	45.9666
39100	44.7147
39133.332	44.5407
39166.668	44.4908
39200	44.6439
39233.332	44.7901
39266.668	44.6741
39300	44.7136
39333.332	44.7333
39366.668	44.8249
39400	44.8377
39433.332	44.6718
39466.668	44.6787
39500	44.9038
39533.332	44.7681
39566.668	44.8505
39600	44.8145
39633.332	44.8829
39666.668	44.8435
39700	44.8713
39733.332	44.9328
39766.668	44.6045
39800	44.3388
39833.332	44.2611
39866.668	44.369
39900	44.521
39933.332	44.4038
39966.668	44.4467
40000	45.0001
40033.332	44.9549
40066.668	45.0129
40100	43.5603
40133.332	43.5487
40166.668	43.7343
40200	43.819
40233.332	43.7842
40266.668	43.7749
40300	43.7506
40333.332	43.7993
40366.668	43.8364
40400	43.8666
40433.332	45.0779
40466.668	45.0512
40500	44.8992
40533.332	44.6671
40566.668	44.7704
40600	45.1707
40633.332	45.1104
40666.668	45.2055
40700	45.2229
40733.332	45.2449
40766.668	44.8342
40800	44.7658
40833.332	44.9839
40866.668	45.0349
40900	45.0698
40933.332	45.5698
40966.668	45.477
41000	45.4747
41033.332	45.4642
41066.668	43.8202
41100	44.1508
41133.332	44.1996
41166.668	44.1427
41200	44.2158
41233.332	44.268
41266.668	44.2611
41300	44.4664
41333.332	57.713
41366.668	159.6127
41400	152.6582
41433.332	101.4449
41466.668	71.2832
41500	67.2606
41533.332	64.9355
41566.668	64.0549
41600	62.9897
41633.332	62.3133
41666.668	61.2737
41700	60.1657
41733.332	49.8755
41766.668	49.6353
41800	49.8024
41833.332	49.662
41866.668	49.7803
41900	50.0159
41933.332	49.879
41966.668	49.9822
42000	49.9532
42033.332	50.0716
42066.668	45.6534
42100	45.5965
42133.332	45.5164
42166.668	45.4109
42200	45.3366
42233.332	45.4329
42266.668	45.3935
42300	45.5072
42333.332	45.5408
42366.668	45.5571
42400	45.3389
42433.332	45.3343
42466.668	45.4283
42500	45.535
42533.332	45.4608
42566.668	45.5501
42600	45.5431
42633.332	45.5988
42666.668	45.6093
42700	45.651
42733.332	45.9736
42766.668	45.9504
42800	45.8181
42833.332	45.6951
42866.668	46.2752
42900	46.3205
42933.332	46.4145
42966.668	46.3762
43000	46.288
43033.332	46.2439
43066.668	45.0837
43100	45.0233
43133.332	44.8307
43166.668	45.0918
43200	45.0581
43233.332	45.086
43266.668	45.166
43300	45.1916
43333.332	45.1927
43366.668	45.2171
43400	44.7205
43433.332	44.8899
43466.668	45.0257
43500	44.9166
43533.332	44.9909
43566.668	44.8829
43600	44.9375
43633.332	45.0988
43666.668	45.0802
43700	45.5292
43733.332	45.4283
43766.668	45.173
43800	46.0014
43833.332	45.8912
43866.668	45.9016
43900	45.9156
43933.332	45.9434
43966.668	45.9411
44000	45.9272
44033.332	44.9746
44066.668	44.8911
44100	45.0187
44133.332	45.137
44166.668	45.0663
44200	45.0976
44233.332	45.0581
44266.668	45.2275
44300	45.2902
44333.332	45.3296
44366.668	45.3354
44400	45.2009
44433.332	45.0953
44466.668	44.9178
44500	45.1359
44533.332	45.2461
44566.668	45.1916
44600	45.2217
44633.332	45.2009
44666.668	45.2531
44700	45.6638
44733.332	45.5988
44766.668	46.223
44800	46.1151
44833.332	46.1708
44866.668	46.1801
44900	46.1905
44933.332	46.1836
44966.668	46.1952
45000	46.1998
45033.332	45.2728
45066.668	45.383
45100	45.5257
45133.332	45.4283
45166.668	45.5164
45200	45.506
45233.332	45.6406
45266.668	45.6046
45300	45.6905
45333.332	45.6893
45366.668	45.2473
45400	45.1823
45433.332	45.0593
45466.668	45.3517
45500	45.3273
45533.332	45.2496
45566.668	45.2148
45600	45.3227
45633.332	45.4654
45666.668	46.2172
45700	47.3694
45733.332	48.1595
45766.668	48.1781
45800	48.1479
45833.332	47.8219
45866.668	47.8404
45900	47.649
45933.332	47.6304
45966.668	47.3589
46000	47.2464
46033.332	45.0175
46066.668	44.9514
46100	44.9421
46133.332	45.0141
46166.668	45.1428
46200	45.1788
46233.332	45.2531
46266.668	45.296
46300	45.3343
46333.332	45.6023
46366.668	45.629
46400	45.8587
46433.332	45.9805
46466.668	45.9144
46500	45.8947
46533.332	45.9376
46566.668	46.0142
46600	46.0177
46633.332	46.0594
46666.668	46.7405
46700	46.6361
46733.332	46.6686
46766.668	46.6419
46800	46.7034
46833.332	46.6721
46866.668	46.6825
46900	46.6767
46933.332	46.686
46966.668	46.6848
47000	46.3101
47033.332	46.2625
47066.668	46.0536
47100	46.1836
47133.332	46.2671
47166.668	46.2555
47200	46.3159
47233.332	46.2776
47266.668	46.3043
47300	46.3031
47333.332	46.3008
47366.668	46.5955
47400	46.7567
47433.332	46.7289
47466.668	46.6987
47500	46.7301
47533.332	46.6628
47566.668	46.6639
47600	46.7997
47633.332	47.2638
47666.668	46.2694
47700	46.2416
47733.332	46.1859
47766.668	46.02
47800	46.4945
47833.332	46.5525
47866.668	46.5073
47900	46.4342
47933.332	46.2486
47966.668	46.2973
48000	45.9086
48033.332	45.7937
48066.668	45.9573
48100	46.042
48133.332	45.9573
48166.668	45.8761
48200	45.9307
48233.332	45.9527
48266.668	45.9724
48300	46.4354
48333.332	46.4655
48366.668	46.3692
48400	46.2868
48433.332	46.2625
48466.668	46.3704
48500	46.3402
48533.332	46.3855
48566.668	46.9145
48600	46.8507
48633.332	46.3182
48666.668	46.2033
48700	46.0084
48733.332	46.1882
48766.668	46.2985
48800	46.1975
48833.332	46.3077
48866.668	46.1523
48900	46.3101
48933.332	46.2845
48966.668	45.3761
49000	45.5756
49033.332	45.5791
49066.668	45.3795
49100	45.3447
49133.332	45.5072
49166.668	45.5733
49200	45.5524
49233.332	45.5698
49266.668	45.5663
49300	45.9074
49333.332	45.8332
49366.668	45.7833
49400	45.8622
49433.332	45.9481
49466.668	45.8645
49500	45.9411
49533.332	46.3669
49566.668	46.3785
49600	46.4702
49633.332	45.8158
49666.668	45.781
49700	45.9515
49733.332	46.0606
49766.668	45.9457
49800	45.9527
49833.332	45.933
49866.668	46.0304
49900	45.9353
49933.332	45.9968
49966.668	46.5293
50000	46.5015
50033.332	46.3449
50066.668	46.071
50100	46.3135
50133.332	46.5027
50166.668	46.4795
50200	46.4644
50233.332	46.5502
50266.668	46.6152
50300	45.7381
50333.332	45.6011
50366.668	45.709
50400	45.8146
50433.332	45.7114
50466.668	45.7624
50500	45.8947
50533.332	45.9156
50566.668	45.9539
50600	46.3808
50633.332	46.5607
50666.668	46.7521
50700	46.5781
50733.332	46.679
50766.668	46.947
50800	46.9969
50833.332	46.9911
50866.668	46.9946
50900	46.9807
50933.332	46.165
50966.668	45.933
51000	45.5373
51033.332	45.7903
51066.668	45.8993
51100	45.8274
51133.332	45.9875
51166.668	45.933
51200	47.6954
51233.332	155.5623
51266.668	153.4854
51300	103.2306
51333.332	70.9908
51366.668	65.1316
51400	63.8924
51433.332	63.4887
51466.668	62.5964
51500	62.5303
51533.332	62.311
51566.668	61.7785
51600	52.5696
51633.332	52.4594
51666.668	51.9767
51700	52.0045
51733.332	51.6588
51766.668	51.4395
51800	51.3107
51833.332	51.2968
51866.668	51.0276
51900	51.0543
51933.332	47.3891
51966.668	47.309
52000	47.5399
52033.332	47.772
52066.668	47.5782
52100	47.5863
52133.332	47.6281
52166.668	47.5538
52200	47.4564
52233.332	47.49
52266.668	46.5131
52300	46.5235
52333.332	46.447
52366.668	46.2892
52400	46.9134
52433.332	46.8693
52466.668	46.8519
52500	46.7985
52533.332	46.8264
52566.668	46.824
52600	47.1559
52633.332	47.0329
52666.668	46.8867
52700	46.9377
52733.332	47.0781
52766.668	47.0422
52800	47.0317
52833.332	47.0306
52866.668	47.106
52900	47.1872
52933.332	46.9958
52966.668	47.2301
53000	47.5678
53033.332	47.5759
53066.668	48.9171
53100	48.7617
53133.332	48.4936
53166.668	47.1721
53200	47.3705
53233.332	47.3578
53266.668	47.381
53300	47.1037
53333.332	46.9668
53366.668	47.6977
53400	47.7406
53433.332	47.7035
53466.668	47.7952
53500	47.6942
53533.332	47.6965
53566.668	46.4493
53600	46.4249
53633.332	46.4493
53666.668	46.6036
53700	46.5317
53733.332	46.5351
53766.668	46.5479
53800	46.6546
53833.332	46.6256
53866.668	46.7057
53900	46.6372
53933.332	46.6639
53966.668	46.5885
54000	46.3043
54033.332	46.5386
54066.668	46.6349
54100	46.6338
54133.332	46.6268
54166.668	46.6941
54200	46.7335
54233.332	46.3773
54266.668	46.3483
54300	47.4657
54333.332	47.432
54366.668	47.4958
54400	47.4715
54433.332	47.4981
54466.668	47.4923
54500	47.5039
54533.332	47.5039
54566.668	46.0374
54600	46.1755
54633.332	46.3159
54666.668	46.2671
54700	46.288
54733.332	46.295
54766.668	46.3333
54800	46.2961
54833.332	46.3205
54866.668	46.317
54900	46.5734
54933.332	46.462
54966.668	46.3588
55000	46.5235
55033.332	46.6233
55066.668	46.7393
55100	46.8356
55133.332	46.831
55166.668	46.9053
55200	46.8565
55233.332	46.44
55266.668	47.4274
55300	47.4111
55333.332	47.461
55366.668	47.5214
55400	47.4935
55433.332	47.4865
55466.668	47.4807
55500	47.497
55533.332	47.4958
55566.668	48.7651
55600	48.7431
55633.332	48.5865
55666.668	48.3405
55700	48.5667
55733.332	48.7199
55766.668	48.6735
55800	48.7292
55833.332	48.7094
55866.668	48.7709
55900	47.0166
55933.332	46.9261
55966.668	46.9238
56000	47.0259
56033.332	46.9041
56066.668	47.005
56100	46.8531
56133.332	47.0097
56166.668	47.0178
56200	48.3915
56233.332	48.3393
56266.668	48.3857
56300	48.3625
56333.332	48.4588
56366.668	48.4171
56400	48.4171
56433.332	48.3846
56466.668	48.4089
56500	48.4113
56533.332	48.2999
56566.668	48.0783
56600	47.9147
56633.332	48.1908
56666.668	48.2407
56700	48.1572
56733.332	48.185
56766.668	48.1989
56800	48.2337
56833.332	48.243
56866.668	47.5654
56900	47.7093
56933.332	47.8636
56966.668	47.8288
57000	47.8683
57033.332	47.8694
57066.668	47.8996
57100	47.8845
57133.332	47.9924
57166.668	48.4751
57200	47.7105
57233.332	47.6235
57266.668	47.5376
57300	47.4053
57333.332	47.5074
57366.668	47.6258
57400	47.519
57433.332	47.5979
57466.668	47.5573
57500	47.6525
57533.332	48.9287
57566.668	48.8185
57600	49.2362
57633.332	49.278
57666.668	49.1793
57700	49.1991
57733.332	49.1527
57766.668	49.1573
57800	49.1399
57833.332	49.2269
57866.668	48.6746
57900	48.7118
57933.332	48.5992
57966.668	48.4194
58000	48.6329
58033.332	48.699
58066.668	48.5841
58100	48.6294
58133.332	49.1666
58166.668	49.1689
58200	48.9438
58233.332	48.7524
58266.668	48.6619
58300	48.8603
58333.332	48.8939
58366.668	48.7582
58400	48.8707
58433.332	48.8939
58466.668	48.9032
58500	48.5041
58533.332	48.6097
58566.668	48.75
58600	48.6352
58633.332	48.7257
58666.668	48.7083
58700	48.7709
58733.332	48.7547
58766.668	48.8742
58800	48.8638
58833.332	48.2929
58866.668	48.0643
58900	47.7836
58933.332	47.8416
58966.668	48.0597
59000	48.547
59033.332	48.5284
59066.668	48.4298
59100	48.4437
59133.332	48.4623
59166.668	47.6583
59200	47.7058
59233.332	47.4981
59266.668	47.4575
59300	47.4459
59333.332	47.6316
59366.668	47.5121
59400	47.6629
59433.332	47.5689
59466.668	47.6861
59500	47.5631
59533.332	47.5028
59566.668	47.6385
59600	47.8961
59633.332	47.7789
59666.668	47.8439
59700	47.8195
59733.332	47.9727
59766.668	47.8764
59800	47.9912
59833.332	48.3208
59866.668	48.4043
59900	48.1978
59933.332	48.105
59966.668	49.0146
60000	49.7305
60033.332	49.604
60066.668	49.4172
60100	49.4334
60133.332	48.3927
60166.668	48.3881
60200	48.5609
60233.332	48.5633
60266.668	48.6828
60300	48.7025
60333.332	48.6642
60366.668	48.6155
60400	48.6247
60433.332	48.5656
60466.668	49.8372
60500	49.9184
60533.332	50.2073
60566.668	50.0774
60600	50.0913
60633.332	50.0739
60666.668	50.1934
60700	50.1551
60733.332	159.1277
60766.668	156.6889
60800	100.171
60833.332	73.7916
60866.668	68.7051
60900	67.3001
60933.332	66.5935
60966.668	66.2663
61000	65.6479
61033.332	64.4551
61066.668	63.7706
61100	54.8112
61133.332	54.7079
61166.668	54.4596
61200	54.5942
61233.332	54.5026
61266.668	54.1742
61300	53.5628
61333.332	53.4711
61366.668	53.3493
61400	53.4885
61433.332	50.4939
61466.668	50.4916
61500	50.3025
61533.332	49.9486
61566.668	50.2189
61600	50.4254
61633.332	50.2653
61666.668	50.393
61700	50.3674
61733.332	50.5055
61766.668	47.5979
61800	47.6536
61833.332	47.7557
61866.668	47.6884
61900	47.7012
61933.332	47.6884
61966.668	47.7708
62000	47.743
62033.332	47.7418
62066.668	47.7464
62100	47.8068
62133.332	47.8358
62166.668	48.0005
62200	47.8833
62233.332	47.9379
62266.668	47.9066
62300	47.7917
62333.332	47.7546
62366.668	47.8219
62400	47.7546
62433.332	47.4691
62466.668	47.4517
62500	47.2696
62533.332	47.4169
62566.668	47.4633
62600	47.4529
62633.332	47.4981
62666.668	47.5573
62700	47.5968
62733.332	47.6095
62766.668	48.2291
62800	48.6944
62833.332	48.6584
62866.668	48.7222
62900	48.7083
62933.332	48.8208
62966.668	48.7976
63000	48.8011
63033.332	48.7883
63066.668	48.7918
63100	48.2778
63133.332	48.366
63166.668	48.098
63200	47.9866
63233.332	48.0667
63266.668	48.2361
63300	48.1711
63333.332	48.1537
63366.668	48.1722
63400	48.2245
63433.332	48.0365
63466.668	47.9738
63500	48.0307
63533.332	48.2686
63566.668	48.1583
63600	48.1548
63633.332	48.1781
63666.668	48.2221
63700	48.2662
63733.332	48.3614
63766.668	48.33
63800	48.3869
63833.332	48.3625
63866.668	48.3985
63900	48.3741
63933.332	48.3451
63966.668	48.3498
64000	48.3915
64033.332	48.3544
64066.668	47.5051
64100	47.3659
64133.332	47.352
64166.668	60.1936
64200	56.7499
64233.332	52.6322
64266.668	52.0475
64300	51.899
64333.332	52.0289
64366.668	51.9488
64400	48.7965
64433.332	48.945
64466.668	49.0877
64500	49.249
64533.332	49.3371
64566.668	49.4242
64600	49.4323
64633.332	49.4276
64666.668	49.394
64700	49.691
64733.332	47.7975
64766.668	47.8601
64800	47.7
64833.332	47.758
64866.668	47.8381
64900	47.8984
64933.332	47.8683
64966.668	47.9205
65000	47.888
65033.332	47.9855
65066.668	47.3554
65100	47.3438
65133.332	47.8775
65166.668	47.8625
65200	47.7557
65233.332	47.7894
65266.668	47.7998
65300	47.8555
65333.332	47.7917
65366.668	47.8253
65400	48.0829
65433.332	48.0736
65466.668	47.8799
65500	47.7766
65533.332	47.9796
65566.6641	48.149
65600	48.0806
65633.3359	48.4646
65666.6641	48.4507
65700	47.8091
65733.3359	47.6652
65766.6641	47.7058
65800	47.6119
65833.3359	47.7081
65866.6641	47.555
65900	47.7209
65933.3359	47.6362
65966.6641	47.6919
66000	47.6931
66033.3359	47.9344
66066.6641	48.0377
66100	48.2036
66133.3359	48.12
66166.6641	48.1479
66200	48.1838
66233.3359	48.1838
66266.6641	48.1908
66300	48.1386
66333.3359	48.1386
66366.6641	47.9216
66400	47.5747
66433.3359	47.4715
66466.6641	47.562
66500	47.7035
66533.3359	47.649
66566.6641	47.8555
66600	48.3799
66633.3359	48.3138
66666.6641	48.3625
66700	48.0203
66733.3359	48.0319
66766.6641	48.2198
66800	48.3846
66833.3359	48.2987
66866.6641	48.4333
66900	48.4519
66933.3359	48.4159
66966.6641	48.3776
67000	48.3915
67033.3359	48.3324
67066.6641	48.33
67100	48.1722
67133.3359	48.0284
67166.6641	48.2535
67200	48.2894
67233.3359	48.2395
67266.6641	48.3324
67300	48.2511
67333.3359	48.2976
67366.6641	48.3254
67400	48.2952
67433.3359	48.4461
67466.6641	48.5911
67500	48.4786
67533.3359	48.5528
67566.6641	49.4184
67600	49.3209
67633.3359	49.3708
67666.6641	49.3719
67700	48.3973
67733.3359	48.6445
67766.6641	48.786
67800	48.7268
67833.3359	48.7373
67866.6641	48.7767
67900	48.8081
67933.3359	48.858
67966.6641	48.8788
68000	48.8754
68033.3359	48.5226
68066.6641	48.1514
68100	48.1514
68133.3359	48.1514
68166.6641	48.3614
68200	48.2639
68233.3359	48.3242
68266.6641	48.2894
68300	48.3614
68333.3359	49.1051
68366.6641	48.9949
68400	49.0877
68433.3359	49.0598
68466.6641	49.0007
68500	49.4149
68533.3359	49.4416
68566.6641	49.4207
68600	49.4311
68633.3359	49.4416
68666.6641	48.2071
68700	48.2651
68733.3359	48.1456
68766.6641	48.0156
68800	48.1815
68833.3359	48.279
68866.6641	48.2036
68900	48.2627
68933.3359	48.2848
68966.6641	48.3625
69000	48.3057
69033.3359	48.2836
69066.6641	48.5052
69100	48.5772
69133.3359	48.5273
69166.6641	48.6456
69200	48.6456
69233.3359	48.7129
69266.6641	48.7176
69300	48.793
69333.3359	48.7941
69366.6641	48.7941
69400	48.6862
69433.3359	48.5435
69466.6641	49.4671
69500	49.4207
69533.3359	49.4392
69566.6641	49.4253
69600	49.4798
69633.3359	49.4682
69666.6641	48.7512
69700	48.6886
69733.3359	48.6213
69766.6641	48.9879
69800	49.0668
69833.3359	49.0134
69866.6641	48.9705
69900	49.0076
69933.3359	49.0958
69966.6641	49.1074
70000	48.7234
70033.3359	48.7767
70066.6641	48.8672
70100	48.793
70133.3359	48.8498
70166.6641	48.822
70200	48.9044
70233.3359	48.8278
70266.6641	48.8742
70300	48.8719
70333.3359	49.1863
70366.6641	48.9728
70400	48.8359
70433.3359	49.568
70466.6641	49.5054
70500	49.539
70533.3359	49.474
70566.6641	49.5123
70600	49.4984
70633.3359	49.4694
70666.6641	48.3498
70700	48.286
70733.3359	48.3707
70766.6641	48.4577
70800	48.4298
70833.3359	48.5458
70866.6641	48.5319
70900	48.5679
70933.3359	48.5052
70966.6641	48.5354
71000	48.3881
71033.3359	48.4043
71066.6641	48.1769
71100	48.221
71133.3359	48.3718
71166.6641	48.2709
71200	48.3266
71233.3359	48.2918
71266.6641	48.3393
71300	49.5158
71333.3359	49.5158
71366.6641	50.2468
71400	50.2317
71433.3359	50.2375
71466.6641	50.227
71500	50.3419
71533.3359	50.3233
71566.6641	50.3361
71600	50.3616
71633.3359	48.7559
71666.6641	48.7326
71700	48.8928
71733.3359	48.793
71766.6641	48.8487
71800	48.8173
71833.3359	48.9635
71866.6641	48.9136
71900	48.9473
71933.3359	48.945
71966.6641	50.2294
72000	50.0855
72033.3359	49.8685
72066.6641	50.2398
72100	50.3233
72133.3359	50.292
72166.6641	50.2143
72200	50.14
72233.3359	50.147
72266.6641	50.1447
72300	48.5528
72333.3359	49.4079
72366.6641	49.3162
72400	49.7885
72433.3359	49.4984
72466.6641	49.4949
72500	49.5065
72533.3359	49.5147
72566.6641	49.5181
72600	49.4926
72633.3359	54.3018
72666.6641	51.7655
72700	51.1518
72733.3359	51.1088
72766.6641	51.0253
72800	51.0265
72833.3359	51.0879
72866.6641	51.1332
72900	51.0937
72933.3359	51.1622
72966.6641	48.9102
73000	48.8162
73033.3359	48.8522
73066.6641	49.0691
73100	48.8336
73133.3359	48.9925
73166.6641	48.8707
73200	48.9543
73233.3359	48.9113
73266.6641	49.0169
73300	50.9476
73333.3359	50.8513
73366.6641	50.8721
73400	50.8385
73433.3359	50.8327
73466.6641	50.842
73500	50.8339
73533.3359	50.8385
73566.6641	50.8211
73600	49.7084
73633.3359	49.4822
73666.6641	49.2768
73700	49.4427
73733.3359	49.6875
73766.6641	49.6098
73800	49.5715
73833.3359	49.6168
73866.6641	49.7339
73900	49.7305
73933.3359	48.7036
73966.6641	48.8858
74000	48.9543
74033.3359	48.9891
74066.6641	49.0111
74100	48.9461
74133.3359	48.9786
74166.6641	48.9589
74200	49.039
74233.3359	49.329
74266.6641	49.807
74300	49.792
74333.3359	49.5761
74366.6641	49.4462
74400	49.6063
74433.3359	49.7641
74466.6641	49.7525
74500	49.8546
74533.3359	49.807
74566.6641	49.9196
74600	49.2849
74633.3359	49.2327
74666.6641	49.2037
74700	49.2977
74733.3359	49.2362
74766.6641	49.3383
74800	49.2756
74833.3359	49.3255
74866.6641	49.271
74900	49.2988
74933.3359	50.5113
74966.6641	50.5322
