0	1388.3403
33.3333	684.3688
66.6667	754.2474
100	825.9302
133.3333	569.2908
166.6667	318.3813
200	325.4861
233.3333	259.3575
266.6667	266.286
300	403.6293
333.3333	515.1566
366.6667	327.313
400	608.3746
433.3333	1413.6254
466.6667	1484.8108
500	1539.3676
533.3333	863.2906
566.6667	703.4916
600	1656.9142
633.3333	1653.5872
666.6667	1287.368
700	525.5466
733.3333	192.7937
766.6667	365.1606
800	246.3181
833.3333	588.1303
866.6667	1075.5105
900	1069.6893
933.3333	421.7003
966.6667	408.6041
1000	692.704
1033.3334	846.072
1066.6666	857.8026
1100	784.1322
1133.3334	713.1921
1166.6666	535.8709
1200	369.941
1233.3334	359.2586
1266.6666	336.4649
1300	645.5843
1333.3334	1534.531
1366.6666	1547.2722
1400	1316.5258
1433.3334	610.4543
1466.6666	398.7946
1500	835.707
1533.3334	1139.3246
1566.6666	1078.8337
1600	602.0698
1633.3334	830.785
1666.6666	829.9604
1700	1211.0393
1733.3334	1700.7316
1766.6666	1355.9034
1800	887.6512
1833.3334	408.1458
1866.6666	190.365
1900	845.2637
1933.3334	1242.7184
1966.6666	1322.2394
2000	943.2657
2033.3334	515.102
2066.6667	550.3647
2100	1006.9083
2133.3333	1489.2351
2166.6667	1272.9578
2200	526.2335
2233.3333	186.4533
2266.6667	175.9809
2300	448.6381
2333.3333	1038.9553
2366.6667	1182.5243
2400	546.5627
2433.3333	230.4982
2466.6667	238.1424
2500	613.1603
2533.3333	843.1413
2566.6667	1442.1696
2600	1600.5912
2633.3333	1051.4209
2666.6667	659.8525
2700	353.2113
2733.3333	257.4333
2766.6667	550.569
2800	599.1349
2833.3333	305.8538
2866.6667	251.8803
2900	444.1956
2933.3333	693.9866
2966.6667	834.5494
3000	647.7939
3033.3333	1172.4847
3066.6667	1806.1604
3100	1569.3689
3133.3333	1370.1007
3166.6667	1163.0402
3200	1020.4138
3233.3333	1079.6473
3266.6667	1054.109
3300	801.9774
3333.3333	400.2426
3366.6667	238.2457
3400	209.547
3433.3333	732.609
3466.6667	1026.9714
3500	1281.8849
3533.3333	1218.7158
3566.6667	950.0978
3600	476.4324
3633.3333	510.5338
3666.6667	711.8617
3700	813.7311
3733.3333	824.8945
3766.6667	784.2043
3800	652.6146
3833.3333	558.5101
3866.6667	349.5186
3900	1092.9342
3933.3333	1373.3344
3966.6667	1162.2296
4000	938.6562
4033.3333	868.795
4066.6667	884.5304
4100	250.7166
4133.3335	247.3155
4166.6665	1438.9181
4200	1297.3491
4233.3335	1017.5325
4266.6665	897.662
4300	837.7204
4333.3335	419.3012
4366.6665	384.2263
4400	178.7506
4433.3335	381.2566
4466.6665	469.0456
4500	1097.2324
4533.3335	1353.5471
4566.6665	1199.5779
4600	574.1665
4633.3335	449.0519
4666.6665	630.852
4700	645.2676
4733.3335	716.9162
4766.6665	875.5475
4800	921.7572
4833.3335	877.7712
4866.6665	969.5038
4900	955.1102
4933.3335	721.9392
4966.6665	682.1785
5000	486.3349
5033.3335	501.8128
5066.6665	647.6329
5100	833.8151
5133.3335	953.8475
5166.6665	836.6638
5200	795.4869
5233.3335	812.4004
5266.6665	436.8179
5300	687.6996
5333.3335	1263.9425
5366.6665	764.219
5400	597.0771
5433.3335	751.4899
5466.6665	870.9383
5500	805.1233
5533.3335	798.1647
5566.6665	466.7915
5600	357.6063
5633.3335	208.5123
5666.6665	193.5899
5700	1329.9307
5733.3335	1147.2031
5766.6665	1065.5616
5800	1200.7017
5833.3335	760.553
5866.6665	712.2683
5900	660.8712
5933.3335	604.0319
5966.6665	904.3794
6000	1169.8639
6033.3335	1156.3785
6066.6665	1089.5494
6100	1300.5634
6133.3335	1061.0281
6166.6665	794.9771
6200	739.6823
6233.3335	584.9692
6266.6665	552.8257
6300	735.3248
6333.3335	998.7785
6366.6665	1248.681
6400	916.2558
6433.3335	554.3482
6466.6665	358.0957
6500	449.4487
6533.3335	877.8543
6566.6665	1036.4058
6600	550.9673
6633.3335	373.8079
6666.6665	293.4372
6700	355.0136
6733.3335	540.873
6766.6665	643.1821
6800	781.1446
6833.3335	502.7495
6866.6665	229.2657
6900	827.0104
6933.3335	1404.6003
6966.6665	1192.1812
7000	901.623
7033.3335	854.373
7066.6665	823.2296
7100	460.2825
7133.3335	743.0264
7166.6665	680.8748
7200	438.1263
7233.3335	353.7861
7266.6665	1095.8701
7300	1509.2181
7333.3335	1196.1654
7366.6665	568.6275
7400	733.483
7433.3335	382.0133
7466.6665	220.0265
7500	243.6502
7533.3335	356.3891
7566.6665	643.2482
7600	904.3912
7633.3335	1618.84
7666.6665	934.0539
7700	305.1746
7733.3335	232.8312
7766.6665	256.5369
7800	460.4317
7833.3335	669.348
7866.6665	1178.2782
7900	1192.9895
7933.3335	733.7746
7966.6665	315.2844
8000	195.7327
8033.3335	316.114
8066.6665	784.5236
8100	1130.9165
8133.3335	1335.3645
8166.6665	1057.7872
8200	647.1838
8233.333	606.9056
8266.667	481.0211
8300	270.0181
8333.333	446.9661
8366.667	664.0635
8400	782.402
8433.333	1464.4994
8466.667	1533.87
8500	1337.2401
8533.333	957.7588
8566.667	490.2265
8600	149.0458
8633.333	172.9018
8666.667	143.3845
8700	357.0463
8733.333	502.497
8766.667	604.3524
8800	785.4641
8833.333	1574.0266
8866.667	1466.7568
8900	751.5476
8933.333	891.7266
8966.667	729.2262
9000	639.3099
9033.333	709.0966
9066.667	571.5441
9100	869.308
9133.333	909.2361
9166.667	491.1776
9200	1010.7399
9233.333	924.5068
9266.667	578.8774
9300	170.1678
9333.333	213.4962
9366.667	268.0583
9400	448.9316
9433.333	600.2015
9466.667	358.8501
9500	443.0422
9533.333	609.0591
9566.667	998.6813
9600	1554.454
9633.333	1205.7946
9666.667	436.0457
9700	226.7922
9733.333	348.03
9766.667	352.3141
9800	277.7174
9833.333	213.3129
9866.667	291.2962
9900	510.1747
9933.333	698.355
9966.667	1255.6589
10000	1598.7222
10033.333	1088.1833
10066.667	265.5286
10100	364.7559
10133.333	760.242
10166.667	930.46
10200	885.4833
10233.333	862.0347
10266.667	861.1805
10300	871.5712
10333.333	590.9714
10366.667	977.7905
10400	884.358
10433.333	587.8163
10466.667	869.0388
10500	1250.0421
10533.333	1366.3127
10566.667	1387.7153
10600	1244.2754
10633.333	1274.842
10666.667	946.5715
10700	609.0071
10733.333	896.8984
10766.667	1436.8652
10800	1043.6035
10833.333	481.0367
10866.667	352.0666
10900	412.0898
10933.333	253.7027
10966.667	343.1642
11000	205.5096
11033.333	209.5056
11066.667	409.797
11100	1196.8549
11133.333	1550.8031
11166.667	1100.8829
11200	308.2643
11233.333	388.8978
11266.667	337.9536
11300	251.419
11333.333	513.291
11366.667	713.1514
11400	829.6923
11433.333	860.062
11466.667	795.8275
11500	1198.5916
11533.333	1117.2002
11566.667	636.1962
11600	263.866
11633.333	196.0687
11666.667	517.1252
11700	682.9743
11733.333	734.2894
11766.667	769.9676
11800	557.0993
11833.333	378.1627
11866.667	980.2207
11900	1440.9398
11933.333	919.2256
11966.667	235.8788
12000	442.8432
12033.333	204.2498
12066.667	566.2861
12100	1441.2394
12133.333	1467.4794
12166.667	1121.8197
12200	421.1517
12233.333	187.4852
12266.667	321.3192
12300	781.2904
12333.333	807.1249
12366.667	808.377
12400	817.631
12433.333	1495.7733
12466.667	1284.9211
12500	867.2905
12533.333	764.7031
12566.667	1047.824
12600	1561.1422
12633.333	2127.2556
12666.667	2469.9443
12700	2651.511
12733.333	2734.3311
12766.667	2583.7715
12800	1733.6614
12833.333	1027.2744
12866.667	900.1013
12900	814.9195
12933.333	847.6104
12966.667	841.5494
13000	802.6285
13033.333	564.294
13066.667	326.6653
13100	360.4102
13133.333	319.1726
13166.667	290.1629
13200	370.3157
13233.333	553.1913
13266.667	717.8593
13300	815.1279
13333.333	838.1487
13366.667	843.6789
13400	839.5952
13433.333	770.2265
13466.667	457.7019
13500	867.3804
13533.333	1029.8243
13566.667	892.1196
13600	732.5441
13633.333	685.1559
13666.667	521.644
13700	582.6965
13733.333	722.448
13766.667	878.2454
13800	1065.019
13833.333	837.1813
13866.667	723.8562
13900	961.1925
13933.333	1182.2555
13966.667	1250.964
14000	1218.8198
14033.333	1093.4972
14066.667	707.1721
14100	673.1728
14133.333	480.9528
14166.667	308.8247
14200	479.6934
14233.333	657.7477
14266.667	1425.6434
14300	1144.6794
14333.333	262.5778
14366.667	212.9294
14400	251.96
14433.333	786.7041
14466.667	1130.9476
14500	848.708
14533.333	459.7757
14566.667	466.4768
14600	736.558
14633.333	1087.7814
14666.667	895.7602
14700	432.3272
14733.333	379.0188
14766.667	1042.4558
14800	1237.7052
14833.333	1276.1219
14866.667	1010.9871
14900	903.5616
14933.333	561.9963
14966.667	650.4216
15000	1635.4197
15033.333	1530.4282
15066.667	1107.2974
15100	597.3297
15133.333	521.3881
15166.667	450.5961
15200	578.4659
15233.333	741.0183
15266.667	604.6492
15300	594.8079
15333.333	837.7982
15366.667	1648.631
15400	1598.675
15433.333	850.0535
15466.667	597.4697
15500	969.1302
15533.333	1282.8538
15566.667	980.9664
15600	566.575
15633.333	399.7506
15666.667	461.7051
15700	645.7589
15733.333	1122.1952
15766.667	1094.1332
15800	716.4747
15833.333	272.9974
15866.667	424.1522
15900	730.3785
15933.333	880.6475
15966.667	809.0281
16000	442.0479
16033.333	539.9266
16066.667	1366.2881
16100	1498.267
16133.333	877.1158
16166.667	491.3902
16200	407.4404
16233.333	559.282
16266.667	467.3443
16300	435.2097
16333.333	792.5631
16366.667	580.5039
16400	760.5886
16433.334	1414.881
16466.666	1833.3416
16500	2251.4175
16533.334	2494.2913
16566.666	2315.6741
16600	2608.873
16633.334	2413.5208
16666.666	1689.6366
16700	1038.0833
16733.334	995.4826
16766.666	1032.1592
16800	1072.6311
16833.334	832.3868
16866.666	871.5541
16900	564.7914
16933.334	531.0879
16966.666	329.6081
17000	569.4009
17033.334	1607.2479
17066.666	1433.6145
17100	891.41
17133.334	416.6481
17166.666	415.1457
17200	781.7627
17233.334	1053.8091
17266.666	1362.4542
17300	1026.3628
17333.334	514.3643
17366.666	208.848
17400	1146.145
17433.334	878.1323
17466.666	1039.7317
17500	1309.9116
17533.334	728.5739
17566.666	1098.7222
17600	1271.9213
17633.334	805.4145
17666.666	430.0887
17700	228.2927
17733.334	283.305
17766.666	285.9892
17800	638.3611
17833.334	1053.3917
17866.666	1531.0824
17900	1276.8873
17933.334	1186.1771
17966.666	820.0632
18000	604.538
18033.334	764.4844
18066.666	900.5372
18100	1159.5897
18133.334	1097.1317
18166.666	1108.2241
18200	1462.9343
18233.334	993.97
18266.666	616.2325
18300	578.582
18333.334	623.4182
18366.666	702.6237
18400	720.6605
18433.334	826.7051
18466.666	972.567
18500	1122.631
18533.334	1490.2013
18566.666	1764.0515
18600	1577.9718
18633.334	991.7311
18666.666	447.2592
18700	210.1411
18733.334	480.0864
18766.666	487.9037
18800	557.5982
18833.334	1289.6863
18866.666	2125.7256
18900	2632.8086
18933.334	2831.2495
18966.666	2757.5933
19000	2645.1633
19033.334	2366.6179
19066.666	1340.8986
19100	514.6243
19133.334	349.4127
19166.666	431.4137
19200	680.582
19233.334	854.3297
19266.666	574.1453
19300	940.924
19333.334	682.379
19366.666	433.8504
19400	807.1553
19433.334	1368.8204
19466.666	1224.7769
19500	909.3675
19533.334	776.7822
19566.666	945.6956
19600	894.805
19633.334	664.1223
19666.666	561.8292
19700	741.2921
19733.334	927.1595
19766.666	1243.3828
19800	2123.9209
19833.334	1481.4819
19866.666	558.3549
19900	221.6644
19933.334	198.9717
19966.666	446.5849
20000	708.7275
20033.334	1255.1753
20066.666	1131.5646
20100	638.5642
20133.334	1428.6132
20166.666	1527.6836
20200	1270.7272
20233.334	1483.7131
20266.666	1134.5654
20300	712.5713
20333.334	598.6664
20366.666	508.3386
20400	537.1489
20433.334	414.9027
20466.666	1235.8324
20500	1380.2709
20533.334	800.1641
20566.666	617.6274
20600	521.5707
20633.334	250.3536
20666.666	420.3198
20700	1083.9816
20733.334	958.5303
20766.666	717.6642
20800	771.55
20833.334	1305.6938
20866.666	1808.3986
20900	1426.3682
20933.334	1140.2321
20966.666	804.5488
21000	249.6421
21033.334	224.6547
21066.666	594.675
21100	745.9008
21133.334	794.4413
21166.666	1294.6702
21200	1192.8571
21233.334	784.931
21266.666	605.8471
21300	800.0384
21333.334	988.0707
21366.666	1015.5154
21400	1413.6953
21433.334	1178.6924
21466.666	1161.1973
21500	1260.7245
21533.334	1657.7328
21566.666	1899.0005
21600	2285.8735
21633.334	2739.6941
21666.666	2526.0935
21700	2095.1775
21733.334	1303.2977
21766.666	592.293
21800	697.5938
21833.334	1273.9009
21866.666	1313.8389
21900	1001.711
21933.334	963.756
21966.666	896.2223
22000	846.5572
22033.334	1048.5157
22066.666	1249.317
22100	1058.3761
22133.334	317.5575
22166.666	826.218
22200	1289.7303
22233.334	670.9028
22266.666	455.7197
22300	227.1195
22333.334	221.21
22366.666	466.205
22400	568.0557
22433.334	504.4196
22466.666	535.5391
22500	709.0654
22533.334	821.5226
22566.666	880.7277
22600	888.7827
22633.334	896.0002
22666.666	924.1445
22700	765.4632
22733.334	1106.7731
22766.666	1119.2482
22800	732.2836
22833.334	708.6319
22866.666	779.583
22900	1356.37
22933.334	1402.5516
22966.666	1491.1365
23000	1686.5397
23033.334	1623.2616
23066.666	1750.792
23100	1941.641
23133.334	2000.3752
23166.666	1539.5631
23200	1094.2474
23233.334	1171.2512
23266.666	1214.4297
23300	910.1913
23333.334	324.3634
23366.666	237.3705
23400	283.5852
23433.334	811.3643
23466.666	738.5626
23500	460.6159
23533.334	567.2418
23566.666	1329.6942
23600	1236.9402
23633.334	1002.0391
23666.666	535.3489
23700	1194.9315
23733.334	1247.9509
23766.666	1501.0823
23800	1171.536
23833.334	1027.3701
23866.666	586.6132
23900	1220.0913
23933.334	1375.4658
23966.666	1131.5844
24000	969.4328
24033.334	910.1253
24066.666	920.764
24100	1264.0997
24133.334	1211.0575
24166.666	675.4664
24200	421.7204
24233.334	636.1594
24266.666	855.0625
24300	780.5907
24333.334	795.1749
24366.666	845.7906
24400	1276.639
24433.334	1037.0079
24466.666	712.9521
24500	790.3846
24533.334	740.0881
24566.666	839.3047
24600	1274.7404
24633.334	1214.5182
24666.666	1100.3821
24700	856.3613
24733.334	644.1996
24766.666	506.6358
24800	406.0751
24833.334	478.7765
24866.666	701.8453
24900	912.371
24933.334	1817.4521
24966.666	1741.3861
25000	575.8256
25033.334	220.1226
25066.666	211.924
25100	390.6541
25133.334	674.6808
25166.666	1191.5406
25200	1001.831
25233.334	545.947
25266.666	660.4217
25300	1518.9524
25333.334	1875.0625
25366.666	1516.1259
25400	1206.9388
25433.334	1120.4536
25466.666	1186.8939
25500	850.0843
25533.334	462.1847
25566.666	581.2868
25600	1746.6957
25633.334	1578.9558
25666.666	836.9694
25700	500.6495
25733.334	384.7647
25766.666	547.4485
25800	819.0745
25833.334	994.5262
25866.666	1131.5771
25900	683.3448
25933.334	629.6595
25966.666	1107.2788
26000	1843.8849
26033.334	2459.9436
26066.666	2233.241
26100	2358.3228
26133.334	2606.0715
26166.666	2369.3499
26200	2107.3838
26233.334	1324.6625
26266.666	812.9953
26300	568.7938
26333.334	413.4961
26366.666	698.9481
26400	794.1323
26433.334	705.2437
26466.666	583.6206
26500	706.5612
26533.334	880.2185
26566.666	1102.7061
26600	1769.9325
26633.334	1828.2225
26666.666	1186.2546
26700	269.6126
26733.334	328.1931
26766.666	291.868
26800	461.0517
26833.334	713.3451
26866.666	976.353
26900	1210.5465
26933.334	881.5048
26966.666	1036.7126
27000	916.9293
27033.334	547.3267
27066.666	512.7195
27100	721.9001
27133.334	931.646
27166.666	1386.2878
27200	1136.4995
27233.334	691.4895
27266.666	697.6974
27300	1310.543
27333.334	1829.7188
27366.666	1505.9724
27400	1155.7183
27433.334	1320.5165
27466.666	1115.2139
27500	673.4325
27533.334	826.8801
27566.666	914.7402
27600	1035.6974
27633.334	1779.8571
27666.666	1827.301
27700	1373.4213
27733.334	878.4182
27766.666	906.5291
27800	776.0244
27833.334	718.6696
27866.666	840.1886
27900	976.5914
27933.334	1453.2802
27966.666	1685.9834
28000	1257.0964
28033.334	759.559
28066.666	523.1802
28100	620.1883
28133.334	907.3184
28166.666	953.5715
28200	1289.3298
28233.334	1122.9165
28266.666	973.0647
28300	1396.0582
28333.334	1961.1825
28366.666	2404.3462
28400	2630.2629
28433.334	2777.0527
28466.666	3020.1296
28500	2531.2402
28533.334	1300.2426
28566.666	618.8021
28600	455.8564
28633.334	598.7637
28666.666	843.3406
28700	956.1676
28733.334	1392.5508
28766.666	1199.9314
28800	815.9708
28833.334	742.8346
28866.666	1149.2271
28900	1741.5614
28933.334	1585.4337
28966.666	1139.4924
29000	1041.551
29033.334	1241.0345
29066.666	1416.411
29100	1213.7239
29133.334	1004.4609
29166.666	1034.3108
29200	1106.0923
29233.334	1580.4275
29266.666	1781.2853
29300	1576.1122
29333.334	907.5022
29366.666	788.8428
29400	1122.3717
29433.334	1233.9283
29466.666	1116.748
29500	1063.8888
29533.334	1231.8196
29566.666	2200.2285
29600	1636.0757
29633.334	813.1031
29666.666	502.4932
29700	401.8209
29733.334	499.6039
29766.666	739.394
29800	1002.0755
29833.334	1309.9005
29866.666	1117.5264
29900	1341.9855
29933.334	1791.7695
29966.666	2312.3545
30000	2592.6025
30033.334	2715.261
30066.666	2928.7771
30100	2672.7461
30133.334	2306.8418
30166.666	1684.9109
30200	943.738
30233.334	640.8961
30266.666	794.5218
30300	1363.4512
30333.334	1388.4458
30366.666	1220.84
30400	1093.2964
30433.334	988.8597
30466.666	953.1299
30500	982.799
30533.334	1713.4312
30566.666	1842.1647
30600	1265.7756
30633.334	922.25
30666.666	974.1407
30700	1011.5448
30733.334	1293.6576
30766.666	1317.847
30800	1004.65
30833.334	841.2426
30866.666	904.212
30900	1325.6913
30933.334	1956.0714
30966.666	1955.9393
31000	1133.8779
31033.334	878.376
31066.666	1464.1162
31100	1201.5248
31133.334	818.5244
31166.666	964.1596
31200	1046.7069
31233.334	1651.1196
31266.666	1719.1854
31300	1780.209
31333.334	1415.7808
31366.666	761.0891
31400	713.0622
31433.334	732.2867
31466.666	998.8954
31500	1224.1398
31533.334	1380.7534
31566.666	1016.0963
31600	1523.4242
31633.334	1585.9125
31666.666	1358.3246
31700	1214.9984
31733.334	1475.769
31766.666	1259.546
31800	933.0106
31833.334	747.1772
31866.666	598.5609
31900	551.9635
31933.334	1372.507
31966.666	1550.2086
32000	1429.9006
32033.334	866.5353
32066.666	673.9849
32100	911.0885
32133.334	1065.1243
32166.666	1106.5273
32200	1143.4204
32233.334	853.0996
32266.666	668.7311
32300	647.2783
32333.334	779.2896
32366.666	912.0631
32400	950.069
32433.334	960.9685
32466.666	960.8812
32500	1288.2253
32533.334	1263.4189
32566.666	1422.9006
32600	1219.3912
32633.334	892.3849
32666.666	706.382
32700	771.2949
32733.334	969.3569
32766.666	1351.2126
32800	779.9916
32833.332	313.6647
32866.668	415.0941
32900	868.1663
32933.332	1293.9971
32966.668	1194.3389
33000	1356.7842
33033.332	1050.3597
33066.668	629.792
33100	609.9991
33133.332	865.6294
33166.668	1011.4092
33200	1523.6459
33233.332	2029.1749
33266.668	1632.4199
33300	1127.4418
33333.332	1030.4307
33366.668	1052.7129
33400	577.4267
33433.332	239.7275
33466.668	328.6552
33500	664.6409
33533.332	1039.8254
33566.668	1646.4042
33600	1640.3037
33633.332	1330.7614
33666.668	696.2167
33700	627.1407
33733.332	878.1113
33766.668	1047.1815
33800	1044.2634
33833.332	1025.6771
33866.668	1492.6578
33900	1736.1254
33933.332	770.8381
33966.668	351.9778
34000	391.9484
34033.332	231.3289
34066.668	362.8085
34100	906.4099
34133.332	1300.8903
34166.668	1054.0023
34200	721.9673
34233.332	1392.4448
34266.668	1527.1669
34300	1309.2589
34333.332	1148.89
34366.668	1441.7698
34400	1136.7098
34433.332	672.7153
34466.668	421.2303
34500	310.6722
34533.332	351.8764
34566.668	943.052
34600	1119.4513
34633.332	616.6893
34666.668	725.0521
34700	664.327
34733.332	589.3502
34766.668	746.5952
34800	1352.4275
34833.332	1203.2736
34866.668	1386.8888
34900	1264.889
34933.332	1022.2746
34966.668	962.7822
35000	1049.4319
35033.332	960.4848
35066.668	535.5721
35100	360.0195
35133.332	286.2018
35166.668	542.8903
35200	1565.6763
35233.332	1818.9597
35266.668	1392.3678
35300	976.5626
35333.332	1142.832
35366.668	1366.9092
35400	764.4411
35433.332	606.1577
35466.668	752.4026
35500	914.3556
35533.332	1549.9314
35566.668	1332.7451
35600	813.5952
35633.332	586.6097
35666.668	564.024
35700	579.5305
35733.332	689.027
35766.668	843.8547
35800	849.6613
35833.332	1247.5173
35866.668	1858.411
35900	1503.2816
35933.332	1010.4863
35966.668	853.2708
36000	948.4736
36033.332	970.33
36066.668	717.0601
36100	449.5622
36133.332	1115.2225
36166.668	1095.7521
36200	1217.7101
36233.332	1053.3568
36266.668	918.5953
36300	911.1698
36333.332	973.4045
36366.668	1128.9658
36400	1327.9249
36433.332	1151.8365
36466.668	1510.5682
36500	1475.7048
36533.332	1468.3594
36566.668	1716.6173
36600	1906.5059
36633.332	2423.4758
36666.668	2439.0979
36700	1609.813
36733.332	1416.3442
36766.668	1356.993
36800	1136.4202
36833.332	956.2587
36866.668	946.8643
36900	966.4338
36933.332	1054.8019
36966.668	1025.2766
37000	878.9808
37033.332	897.6635
37066.668	689.7738
37100	798.8777
37133.332	1013.8638
37166.668	1028.5953
37200	967.3993
37233.332	831.4863
37266.668	689.661
37300	591.6042
37333.332	802.4261
37366.668	1631.7544
37400	1588.1594
37433.332	1566.5734
37466.668	1410.5164
37500	961.8926
37533.332	619.6564
37566.668	535.2935
37600	502.7757
37633.332	473.6597
37666.668	708.9933
37700	1240.7798
37733.332	997.1987
37766.668	628.2634
37800	706.6861
37833.332	926.2893
37866.668	1033.0784
37900	978.9556
37933.332	951.328
37966.668	990.4292
38000	1056.196
38033.332	1593.0872
38066.668	1651.0251
38100	1080.8638
38133.332	417.0497
38166.668	369.5302
38200	496.2621
38233.332	1197.8401
38266.668	1912.3394
38300	2390.2029
38333.332	2715.5632
38366.668	2560.2651
38400	2375.6318
38433.332	2620.7305
38466.668	2657.2048
38500	2042.6626
38533.332	1419.6105
38566.668	1051.0837
38600	596.7996
38633.332	553.5532
38666.668	424.0364
38700	458.7384
38733.332	547.6877
38766.668	860.1356
38800	938.5587
38833.332	1442.173
38866.668	1258.9435
38900	1185.1273
38933.332	1899.873
38966.668	2413.6409
39000	2623.0337
39033.332	2664.1572
39066.668	2638.7085
39100	2023.8068
39133.332	1427.172
39166.668	965.3924
39200	701.3016
39233.332	502.2293
39266.668	309.1923
39300	589.423
39333.332	589.1391
39366.668	1036.3998
39400	1274.3181
39433.332	1263.2834
39466.668	1510.1422
39500	1490.499
39533.332	1195.5272
39566.668	1035.9198
39600	1011.0228
39633.332	922.6506
39666.668	605.0281
39700	553.6614
39733.332	383.9955
39766.668	513.7306
39800	1121.5164
39833.332	1569.8385
39866.668	1150.1329
39900	452.9865
39933.332	644.1347
39966.668	969.1864
40000	924.2194
40033.332	802.417
40066.668	954.0445
40100	1016.6312
40133.332	1054.0782
40166.668	1659.663
40200	1564.2931
40233.332	1186.7458
40266.668	420.3719
40300	232.4838
40333.332	340.4818
40366.668	348.7715
40400	535.2369
40433.332	757.4811
40466.668	882.5892
40500	1455.4006
40533.332	1657.2111
40566.668	1336.8391
40600	874.1906
40633.332	970.8414
40666.668	1374.769
40700	1621.181
40733.332	1810.7764
40766.668	2029.9122
40800	1991.5293
40833.332	2093.1809
40866.668	2284.0007
40900	1863.926
40933.332	631.2252
40966.668	334.9398
41000	662.7217
41033.332	952.3208
41066.668	1040.6536
41100	1013.3923
41133.332	990.0423
41166.668	976.249
41200	985.1465
41233.332	1035.7942
41266.668	1720.2006
41300	1494.1602
41333.332	725.3582
41366.668	405.8773
41400	626.1904
41433.332	763.561
41466.668	1136.1445
41500	1807.8568
41533.332	2305.052
41566.668	2573.2832
41600	2497.6921
41633.332	1838.1595
41666.668	1265.0695
41700	1084.1885
41733.332	1054.1454
41766.668	1043.0155
41800	774.6367
41833.332	589.343
41866.668	357.9985
41900	471.761
41933.332	401.6368
41966.668	1324.8986
42000	1725.6819
42033.332	1216.4534
42066.668	987.5262
42100	769.8218
42133.332	747.014
42166.668	870.5883
42200	928.2355
42233.332	940.6237
42266.668	945.6747
42300	957.6119
42333.332	972.6657
42366.668	1012.4932
42400	1519.8032
42433.332	1226.5881
42466.668	1050.1019
42500	726.8476
42533.332	411.174
42566.668	1140.8551
42600	1747.3138
42633.332	2014.3181
42666.668	2431.4844
42700	2475.9561
42733.332	2018.1183
42766.668	1058.8488
42800	1027.4597
42833.332	963.1717
42866.668	614.2864
42900	547.3855
42933.332	380.6218
42966.668	566.0461
43000	997.8467
43033.332	1344.9325
43066.668	1459.1753
43100	2075.8181
43133.332	2282.8801
43166.668	2130.2307
43200	2206.2239
43233.332	1940.0787
43266.668	1426.9354
43300	1143.2853
43333.332	1009.1996
43366.668	963.0157
43400	964.6657
43433.332	972.8704
43466.668	883.0717
43500	913.5461
43533.332	452.2199
43566.668	889.8776
43600	1227.3088
43633.332	910.9875
43666.668	706.6261
43700	856.8272
43733.332	942.5637
43766.668	940.4129
43800	945.1975
43833.332	1031.2222
43866.668	1053.3409
43900	1007.6149
43933.332	1395.2548
43966.668	1547.1112
44000	957.1684
44033.332	431.9214
44066.668	464.3077
44100	721.9142
44133.332	821.3354
44166.668	891.6909
44200	954.1318
44233.332	574.0264
44266.668	656.2396
44300	1350.2999
44333.332	1389.4276
44366.668	1109.3578
44400	659.5208
44433.332	698.7085
44466.668	895.6835
44500	989.742
44533.332	993.9776
44566.668	875.3857
44600	1147.3602
44633.332	1038.5323
44666.668	628.6594
44700	384.8456
44733.332	825.2582
44766.668	1278.671
44800	1595.4042
44833.332	2124.3169
44866.668	2482.928
44900	2585.948
44933.332	2658.6978
44966.668	2405.6533
45000	1638.5189
45033.332	651.2015
45066.668	263.2821
45100	359.9242
45133.332	419.7466
45166.668	583.1179
45200	774.4047
45233.332	778.7007
45266.668	539.5233
45300	433.1329
45333.332	1148.1272
45366.668	1546.4635
45400	1339.0184
45433.332	876.3854
45466.668	1052.1017
45500	1411.6963
45533.332	1138.8098
45566.668	869.2712
45600	1000.4957
45633.332	992.2751
45666.668	1020.2559
45700	1186.4202
45733.332	1046.8979
45766.668	786.6289
45800	818.5396
45833.332	867.0509
45866.668	939.6038
45900	629.1545
45933.332	577.8572
45966.668	786.0328
46000	942.9684
46033.332	1654.3723
46066.668	1670.5219
46100	1418.4229
46133.332	811.0837
46166.668	439.3442
46200	354.6594
46233.332	837.3851
46266.668	749.1409
46300	1161.2865
46333.332	1883.0636
46366.668	2391.4849
46400	2569.0388
46433.332	2499.8474
46466.668	2329.0259
46500	2257.9351
46533.332	1768.9131
46566.668	1227.5287
46600	646.216
46633.332	412.0245
46666.668	632.4588
46700	693.9395
46733.332	804.9433
46766.668	863.7561
46800	878.6425
46833.332	783.3535
46866.668	550.2087
46900	1313.4414
46933.332	1413.5426
46966.668	1276.4694
47000	959.11
47033.332	1119.8647
47066.668	1383.6663
47100	1148.7089
47133.332	1043.2858
47166.668	1001.4119
47200	971.7959
47233.332	1134.7192
47266.668	1225.5737
47300	999.5515
47333.332	478.1322
47366.668	252.0728
47400	463.9809
47433.332	790.1549
47466.668	936.7712
47500	957.728
47533.332	957.2277
47566.668	1081.655
47600	1655.1794
47633.332	1521.5536
47666.668	1060.2899
47700	500.9487
47733.332	693.7349
47766.668	643.7474
47800	527.6173
47833.332	695.5717
47866.668	882.5516
47900	946.5586
47933.332	1420.5388
47966.668	1162.826
48000	1038.6421
48033.332	586.5889
48066.668	478.5487
48100	757.4537
48133.332	960.9006
48166.668	976.8394
48200	973.9668
48233.332	976.7672
48266.668	1488.355
48300	1539.5923
48333.332	884.1727
48366.668	398.7676
48400	427.6854
48433.332	727.5435
48466.668	1264.6116
48500	1824.8484
48533.332	2292.6638
48566.668	2504.2678
48600	2614.6619
48633.332	2613.1445
48666.668	2051.374
48700	1458.6433
48733.332	994.7324
48766.668	632.9068
48800	520.9489
48833.332	329.3321
48866.668	570.7104
48900	880.3924
48933.332	804.5538
48966.668	488.8461
49000	877.0768
49033.332	1406.6881
49066.668	1363.6456
49100	1114.1367
49133.332	969.6097
49166.668	967.7634
49200	989.9041
49233.332	921.1771
49266.668	923.3416
49300	991.9703
49333.332	983.7117
49366.668	1470.7065
49400	751.2162
49433.332	660.7247
49466.668	545.1686
49500	869.9948
49533.332	1656.6063
49566.668	2200.1199
49600	2371.7839
49633.332	2304.0137
49666.668	2091.1797
49700	2232.4827
49733.332	2298.7986
49766.668	1678.5859
49800	1194.7725
49833.332	849.4396
49866.668	614.6421
49900	634.6411
49933.332	466.615
49966.668	542.0804
50000	750.6979
50033.332	828.6035
50066.668	620.0945
50100	637.7392
50133.332	1226.8497
50166.668	1036.1537
50200	995.0873
50233.332	1007.5249
50266.668	1022.2545
50300	995.5521
50333.332	978.0805
50366.668	942.5095
50400	945.1546
50433.332	1004.7006
50466.668	1213.285
50500	1174.7419
50533.332	851.4424
50566.668	837.4376
50600	789.4791
50633.332	740.2935
50666.668	591.6616
50700	836.6771
50733.332	898.8723
50766.668	1017.1066
50800	1455.1899
50833.332	1326.4791
50866.668	894.4439
50900	1217.3209
50933.332	1851.7444
50966.668	2018.8533
51000	1508.8445
51033.332	1660.5544
51066.668	2134.3904
51100	1999.5388
51133.332	1162.5132
51166.668	845.3912
51200	898.0743
51233.332	951.2213
51266.668	963.351
51300	962.7438
51333.332	866.3212
51366.668	778.3651
51400	834.0406
51433.332	748.5061
51466.668	1342.1689
51500	1156.4644
51533.332	806.3234
51566.668	585.3743
51600	401.3342
51633.332	455.2246
51666.668	660.1218
51700	827.8183
51733.332	896.0427
51766.668	920.9379
51800	968.1765
51833.332	1540.0479
51866.668	1236.938
51900	794.5667
51933.332	264.1705
51966.668	443.456
52000	725.8783
52033.332	844.286
52066.668	894.9781
52100	907.0261
52133.332	925.3644
52166.668	992.561
52200	1236.1865
52233.332	1569.4114
52266.668	1140.4473
52300	645.3124
52333.332	590.48
52366.668	338.1001
52400	1121.4784
52433.332	1595.2117
52466.668	2191.1309
52500	2520.6782
52533.332	2465.6287
52566.668	1877.2057
52600	1246.8856
52633.332	1054.7179
52666.668	1053.1902
52700	1072.8517
52733.332	870.9128
52766.668	484.7271
52800	678.6662
52833.332	726.1881
52866.668	1185.073
52900	1014.6353
52933.332	1248.3834
52966.668	629.8657
53000	376.1649
53033.332	617.2785
53066.668	876.2578
53100	974.5986
53133.332	992.5663
53166.668	1021.4492
53200	1000.4164
53233.332	1013.8167
53266.668	1511.5569
53300	1370.6086
53333.332	866.91
53366.668	623.7067
53400	515.1346
53433.332	564.4922
53466.668	1071.9397
53500	882.9669
53533.332	1702.5115
53566.668	2111.5208
53600	2147.7375
53633.332	2211.2822
53666.668	2191.2456
53700	2015.9454
53733.332	1958.2207
53766.668	1739.7048
53800	1411.3228
53833.332	1186.5594
53866.668	866.0839
53900	538.245
53933.332	523.9608
53966.668	389.4214
54000	665.7872
54033.332	812.3635
54066.668	1051.7208
54100	1579.5186
54133.332	1145.1274
54166.668	670.1716
54200	582.2173
54233.332	793.7328
54266.668	958.0561
54300	958.1202
54333.332	592.6965
54366.668	515.8268
54400	398.3735
54433.332	723.4397
54466.668	1302.9037
54500	1181.3861
54533.332	576.5231
54566.668	583.3795
54600	877.9713
54633.332	872.591
54666.668	721.3845
54700	925.9115
54733.332	964.1642
54766.668	1037.3246
54800	1414.8799
54833.332	1080.2954
54866.668	810.865
54900	835.1368
54933.332	578.2889
54966.668	263.6523
55000	366.049
55033.332	254.9635
55066.668	475.2669
55100	708.7879
55133.332	1105.9044
55166.668	1610.6027
55200	1569.2748
55233.332	1126.7473
55266.668	671.3383
55300	723.1295
55333.332	880.9536
55366.668	901.4507
55400	586.7878
55433.332	483.0983
55466.668	445.9626
55500	1081.1853
55533.332	1238.7991
55566.668	995.3972
55600	567.2281
55633.332	635.9604
55666.668	1144.0211
55700	1532.7769
55733.332	2139.3223
55766.668	2486.8347
55800	2602.6423
55833.332	2257.7788
55866.668	1554.1803
55900	1145.6848
55933.332	987.352
55966.668	962.5984
56000	631.778
56033.332	518.4932
56066.668	802.0939
56100	764.205
56133.332	724.6371
56166.668	1283.5015
56200	1452.8879
56233.332	1842.1514
56266.668	2188.0471
56300	2370.0735
56333.332	1890.6475
56366.668	1369.1796
56400	1147.3564
56433.332	1060.0029
56466.668	910.2669
56500	548.092
56533.332	497.3073
56566.668	421.0211
56600	417.5733
56633.332	697.1625
56666.668	1017.8271
56700	1413.5206
56733.332	984.6328
56766.668	797.6207
56800	894.3657
56833.332	1023.2439
56866.668	1056.3544
56900	1037.7103
56933.332	1001.4543
56966.668	707.0798
57000	558.1479
57033.332	778.3757
57066.668	961.5452
57100	904.0711
57133.332	789.0292
57166.668	1061.3037
57200	880.9148
57233.332	915.5086
57266.668	1402.6837
57300	1712.8074
57333.332	1759.95
57366.668	1794.8319
57400	1903.5121
57433.332	1463.98
57466.668	1148.4658
57500	929.0123
57533.332	920.7397
57566.668	783.5027
57600	728.5887
57633.332	984.4198
57666.668	862.7785
57700	694.7706
57733.332	500.9825
57766.668	707.8589
57800	1686.8669
57833.332	1621.3063
57866.668	1237.1973
57900	1024.3365
57933.332	1056.1709
57966.668	1017.5743
58000	1027.7206
58033.332	899.8845
58066.668	914.4919
58100	1133.6702
58133.332	1132.1849
58166.668	1740.8879
58200	2237.5674
58233.332	2048.0706
58266.668	1597.4229
58300	1151.676
58333.332	1022.5441
58366.668	1005.2514
58400	982.5143
58433.332	976.2619
58466.668	1001.1472
58500	1008.2174
58533.332	953.5202
58566.668	1072.0441
58600	861.9147
58633.332	720.6351
58666.668	975.7266
58700	998.3901
58733.332	772.7015
58766.668	331.885
58800	284.5188
58833.332	433.0789
58866.668	734.5787
58900	839.9164
58933.332	900.604
58966.668	990.3571
59000	1478.8903
59033.332	1516.2469
59066.668	1380.3763
59100	1173.6394
59133.332	654.7404
59166.668	515.0378
59200	671.3724
59233.332	777.1702
59266.668	1273.3063
59300	1373.8453
59333.332	1149.5833
59366.668	1312.0677
59400	1207.7297
59433.332	966.3112
59466.668	774.0949
59500	858.8823
59533.332	1157.8547
59566.668	1024.2302
59600	741.7727
59633.332	578.7347
59666.668	758.199
59700	1198.6371
59733.332	399.8136
59766.668	529.8734
59800	442.0057
59833.332	752.597
59866.668	943.8231
59900	909.5945
59933.332	787.5868
59966.668	634.9053
60000	577.5026
60033.332	519.9974
60066.668	504.3194
60100	1115.8715
