466.667	333.333	133.333	466.667	300.000	200.000	259.357	1656.914	1397.557	0.000
0.000	100.000	0.000	0.000	0.000	0.000	336.465	1547.272	1210.807	766.667
0.000	0.000	0.000	0.000	0.000	0.000	602.070	1700.732	1098.662	366.667
0.000	0.000	66.667	0.000	0.000	0.000	515.102	1489.235	974.133	400.000
0.000	0.000	0.000	0.000	0.000	0.000	230.498	1600.591	1370.093	466.667
0.000	0.000	266.667	0.000	0.000	0.000	251.880	1806.160	1554.280	466.667
0.000	0.000	0.000	0.000	0.000	0.000	209.547	1281.885	1072.338	433.333
0.000	0.000	0.000	0.000	0.000	0.000	247.316	1438.918	1191.603	666.667
0.000	0.000	0.000	0.000	0.000	0.000	178.751	1353.547	1174.797	366.667
0.000	0.000	233.333	0.000	0.000	0.000	436.818	1263.943	827.125	800.000
0.000	0.000	0.000	0.000	0.000	0.000	193.590	1329.931	1136.341	366.667
766.667	433.333	333.333	766.667	200.000	66.667	604.032	1300.563	696.531	400.000
0.000	0.000	0.000	0.000	0.000	0.000	229.266	1404.600	1175.335	833.333
0.000	0.000	133.333	0.000	0.000	0.000	353.786	1509.218	1155.432	366.667
166.667	100.000	66.667	166.667	100.000	66.667	220.027	1618.840	1398.813	333.333
0.000	0.000	133.333	0.000	0.000	0.000	270.018	1533.870	1263.852	833.333
633.333	166.667	466.667	633.333	166.667	100.000	143.385	1574.027	1430.642	366.667
433.333	233.333	200.000	433.333	133.333	66.667	170.168	1554.454	1384.286	766.667
0.000	133.333	0.000	0.000	0.000	0.000	213.313	1598.722	1385.409	400.000
0.000	0.000	66.667	0.000	0.000	0.000	587.816	1436.865	849.049	766.667
0.000	0.000	0.000	0.000	0.000	0.000	205.510	1550.803	1345.294	366.667
0.000	466.667	0.000	0.000	0.000	0.000	251.419	1198.591	947.173	366.667
800.000	466.667	333.333	800.000	266.667	133.333	187.485	2734.331	2546.846	1233.333
0.000	0.000	66.667	0.000	0.000	0.000	308.825	1425.643	1116.819	1533.333
0.000	0.000	0.000	0.000	0.000	0.000	379.019	1635.420	1256.401	733.333
0.000	0.000	233.333	0.000	0.000	0.000	450.596	1648.631	1198.035	366.667
0.000	0.000	0.000	0.000	0.000	0.000	272.997	1498.267	1225.270	733.333
600.000	300.000	300.000	600.000	266.667	166.667	580.504	2608.873	2028.369	500.000
0.000	0.000	633.333	0.000	0.000	0.000	329.608	1607.248	1277.640	433.333
0.000	100.000	0.000	0.000	0.000	0.000	228.293	1531.082	1302.790	833.333
233.333	166.667	66.667	233.333	166.667	66.667	764.484	1462.934	698.450	333.333
0.000	0.000	0.000	0.000	0.000	0.000	210.141	2831.249	2621.108	733.333
0.000	266.667	0.000	0.000	0.000	0.000	431.414	1368.820	937.407	500.000
0.000	0.000	66.667	0.000	0.000	0.000	561.829	2123.921	1562.092	366.667
400.000	200.000	200.000	400.000	300.000	166.667	446.585	1527.684	1081.099	366.667
0.000	0.000	0.000	0.000	0.000	0.000	250.354	1808.399	1558.045	700.000
0.000	333.333	0.000	0.000	0.000	0.000	605.847	2739.694	2133.847	766.667
0.000	0.000	0.000	0.000	0.000	0.000	317.557	1289.730	972.173	566.667
466.667	266.667	200.000	466.667	333.333	100.000	708.632	2000.375	1291.743	933.333
0.000	366.667	0.000	0.000	0.000	0.000	460.616	1501.082	1040.466	633.333
0.000	0.000	366.667	0.000	0.000	0.000	421.720	1276.639	854.919	633.333
200.000	100.000	100.000	200.000	100.000	100.000	406.075	1817.452	1411.377	533.333
566.667	200.000	366.667	566.667	133.333	66.667	545.947	1875.062	1329.116	400.000
0.000	366.667	0.000	0.000	0.000	0.000	384.765	2606.072	2221.307	800.000
200.000	133.333	66.667	200.000	100.000	100.000	583.621	1828.223	1244.602	500.000
0.000	0.000	0.000	0.000	0.000	0.000	512.720	1829.719	1316.999	700.000
933.333	566.667	366.667	933.333	133.333	100.000	673.433	1827.301	1153.869	333.333
466.667	366.667	100.000	466.667	233.333	100.000	523.180	3020.130	2496.949	800.000
0.000	266.667	0.000	0.000	0.000	0.000	742.835	1741.561	998.727	433.333
0.000	0.000	66.667	0.000	0.000	0.000	788.843	2200.228	1411.386	666.667
400.000	266.667	133.333	400.000	233.333	66.667	1002.076	2928.777	1926.701	500.000
133.333	66.667	66.667	133.333	100.000	66.667	953.130	1842.165	889.035	500.000
0.000	0.000	0.000	0.000	0.000	0.000	841.243	1956.071	1114.829	366.667
0.000	0.000	66.667	0.000	0.000	0.000	818.524	1780.209	961.685	366.667
333.333	166.667	166.667	333.333	266.667	66.667	998.895	1585.913	587.017	333.333
0.000	0.000	0.000	0.000	0.000	0.000	551.964	1550.209	998.245	333.333
0.000	0.000	0.000	0.000	0.000	0.000	647.278	1422.901	775.622	600.000
0.000	0.000	166.667	0.000	0.000	0.000	609.999	2029.175	1419.176	666.667
0.000	0.000	0.000	0.000	0.000	0.000	239.727	1646.404	1406.677	333.333
200.000	166.667	33.333	200.000	100.000	66.667	878.111	1736.125	858.014	333.333
400.000	200.000	200.000	400.000	333.333	166.667	362.809	1527.167	1164.358	366.667
533.333	333.333	200.000	533.333	266.667	133.333	589.350	1386.889	797.539	600.000
0.000	0.000	0.000	0.000	0.000	0.000	286.202	1818.960	1532.758	366.667
0.000	133.333	0.000	0.000	0.000	0.000	564.024	1858.411	1294.387	633.333
500.000	333.333	166.667	500.000	166.667	100.000	911.170	2439.098	1527.928	800.000
0.000	0.000	166.667	0.000	0.000	0.000	591.604	1631.754	1040.150	700.000
400.000	133.333	266.667	400.000	300.000	200.000	369.530	2715.563	2346.033	966.667
500.000	300.000	200.000	500.000	233.333	133.333	424.036	2664.157	2240.121	700.000
0.000	0.000	0.000	0.000	0.000	0.000	309.192	1510.142	1200.950	433.333
0.000	0.000	0.000	0.000	0.000	0.000	383.996	1569.839	1185.843	366.667
500.000	400.000	100.000	500.000	100.000	66.667	802.417	1659.663	857.246	333.333
466.667	400.000	66.667	466.667	266.667	66.667	874.191	2284.001	1409.810	700.000
0.000	0.000	266.667	0.000	0.000	0.000	405.877	2573.283	2167.406	700.000
0.000	66.667	0.000	0.000	0.000	0.000	357.999	1725.682	1367.683	433.333
0.000	0.000	166.667	0.000	0.000	0.000	411.174	2475.956	2064.782	700.000
0.000	166.667	0.000	0.000	0.000	0.000	380.622	2282.880	1902.258	433.333
0.000	0.000	0.000	0.000	0.000	0.000	452.220	1227.309	775.089	466.667
200.000	166.667	33.333	200.000	100.000	66.667	940.413	1547.111	606.698	366.667
0.000	0.000	0.000	0.000	0.000	0.000	574.026	1389.428	815.401	366.667
0.000	0.000	133.333	0.000	0.000	0.000	384.846	2658.698	2273.852	600.000
0.000	233.333	0.000	0.000	0.000	0.000	419.747	1546.464	1126.717	433.333
0.000	0.000	0.000	0.000	0.000	0.000	354.659	2569.039	2214.379	1033.333
0.000	0.000	400.000	0.000	0.000	0.000	550.209	1413.543	863.334	533.333
0.000	0.000	0.000	0.000	0.000	0.000	252.073	1655.179	1403.107	666.667
0.000	0.000	200.000	0.000	0.000	0.000	398.768	2614.662	2215.894	1000.000
0.000	0.000	0.000	0.000	0.000	0.000	329.332	1406.688	1077.356	433.333
0.000	0.000	266.667	0.000	0.000	0.000	545.169	2371.784	1826.615	566.667
0.000	0.000	0.000	0.000	0.000	0.000	466.615	1226.850	760.235	533.333
433.333	366.667	66.667	433.333	100.000	66.667	942.509	1213.285	270.776	333.333
400.000	300.000	100.000	400.000	233.333	166.667	894.444	2134.390	1239.946	600.000
0.000	0.000	66.667	0.000	0.000	0.000	748.506	1342.169	593.663	400.000
0.000	0.000	0.000	0.000	0.000	0.000	455.225	1540.048	1084.823	366.667
0.000	0.000	0.000	0.000	0.000	0.000	338.100	2520.678	2182.578	666.667
0.000	0.000	0.000	0.000	0.000	0.000	484.727	1248.383	763.656	433.333
466.667	200.000	266.667	466.667	333.333	166.667	515.135	2211.282	1696.148	700.000
0.000	0.000	0.000	0.000	0.000	0.000	389.421	1579.519	1190.097	466.667
0.000	0.000	0.000	0.000	0.000	0.000	398.374	1302.904	904.530	366.667
0.000	0.000	133.333	0.000	0.000	0.000	721.385	1414.880	693.495	333.333
0.000	133.333	0.000	0.000	0.000	0.000	254.964	1610.603	1355.639	366.667
0.000	333.333	0.000	0.000	0.000	0.000	445.963	2602.642	2156.680	633.333
0.000	0.000	200.000	0.000	0.000	0.000	518.493	2370.074	1851.580	500.000
0.000	100.000	0.000	0.000	0.000	0.000	417.573	1413.521	995.947	400.000
633.333	366.667	266.667	633.333	233.333	100.000	778.376	1903.512	1125.136	700.000
0.000	0.000	0.000	0.000	0.000	0.000	500.983	1686.867	1185.884	400.000
266.667	133.333	133.333	266.667	166.667	66.667	899.885	2237.567	1337.683	400.000
0.000	0.000	0.000	0.000	0.000	0.000	284.519	1516.247	1231.728	833.333
