0	859.8926
33.3333	127.3398
66.6667	152.1906
100	310.1399
133.3333	313.8409
166.6667	364.877
200	160.4874
233.3333	140.1061
266.6667	382.0581
300	234.8374
333.3333	243.6593
366.6667	341.0149
400	841.5759
433.3333	159.6958
466.6667	201.375
500	721.4419
533.3333	234.8715
566.6667	992.132
600	158.5686
633.3333	397.9282
666.6667	805.3799
700	556.4349
733.3333	205.6364
766.6667	256.9314
800	566.5921
833.3333	524.1844
866.6667	127.1796
900	705.9499
933.3333	112.2617
966.6667	332.7802
1000	189.3619
1033.3334	56.9095
1066.6666	113.8445
1100	264.4059
1133.3334	260.2649
1166.6666	314.4567
1200	99.9422
1233.3334	110.4446
1266.6666	443.4488
1300	927.6037
1333.3334	220.3041
1366.6666	259.933
1400	763.667
1433.3334	302.774
1466.6666	543.0204
1500	340.5843
1533.3334	119.7783
1566.6666	563.5233
1600	291.8266
1633.3334	260.6958
1666.6666	426.0323
1700	532.629
1733.3334	383.4845
1766.6666	516.0621
1800	516.23
1833.3334	369.9956
1866.6666	812.4175
1900	442.7301
1933.3334	193.3477
1966.6666	417.1781
2000	531.0757
2033.3334	171.4268
2066.6667	513.193
2100	562.1276
2133.3333	257.4386
2166.6667	790.5273
2200	552.0007
2233.3333	133.8021
2266.6667	391.2927
2300	646.7267
2333.3333	280.5957
2366.6667	658.6293
2400	632.3103
2433.3333	256.8034
2466.6667	458.7657
2500	271.0801
2533.3333	658.4774
2566.6667	216.1243
2600	604.762
2633.3333	447.5678
2666.6667	398.3804
2700	348.3755
2733.3333	606.9151
2766.6667	315.0243
2800	324.7298
2833.3333	253.5724
2866.6667	242.4505
2900	299.0247
2933.3333	177.4324
2966.6667	233.8221
3000	563.7814
3033.3333	694.6639
3066.6667	293.2048
3100	309.4356
3133.3333	294.1532
3166.6667	188.8744
3200	92.2828
3233.3333	103.4279
3266.6667	278.7577
3300	462.944
3333.3333	224.122
3366.6667	153.2775
3400	698.4822
3433.3333	330.1628
3466.6667	296.812
3500	139.7853
3533.3333	309.092
3566.6667	526.257
3600	102.014
3633.3333	244.9699
3666.6667	136.8117
3700	48.4437
3733.3333	72.1912
3766.6667	169.3326
3800	332.4332
3833.3333	251.6692
3866.6667	769.5602
3900	316.0229
3933.3333	272.4727
3966.6667	275.1087
4000	113.5586
4033.3333	40.5899
4066.6667	698.8759
4100	127.3982
4133.3335	1265.6879
4166.6665	203.407
4200	333.1242
4233.3335	165.2097
4266.6665	96.4967
4300	487.3243
4333.3335	78.7822
4366.6665	303.7079
4400	304.6609
4433.3335	176.5121
4466.6665	650.43
4500	289.4514
4533.3335	208.2868
4566.6665	672.292
4600	170.3254
4633.3335	234.2785
4666.6665	70.166
4700	115.4471
4733.3335	205.9986
4766.6665	73.9817
4800	61.617
4833.3335	151.203
4866.6665	183.0131
4900	280.2976
4933.3335	176.8367
4966.6665	251.5112
5000	164.6767
5033.3335	190.4273
5066.6665	233.5928
5100	158.5815
5133.3335	162.2624
5166.6665	68.4924
5200	63.9178
5233.3335	435.002
5266.6665	336.9334
5300	634.4847
5333.3335	541.3047
5366.6665	246.1461
5400	190.3946
5433.3335	147.5643
5466.6665	98.5849
5500	30.8791
5533.3335	373.6173
5566.6665	148.2378
5600	218.5716
5633.3335	110.3557
5666.6665	1257.7783
5700	248.2894
5733.3335	191.0814
5766.6665	198.3919
5800	503.9443
5833.3335	236.7653
5866.6665	150.5451
5900	104.8635
5933.3335	448.4619
5966.6665	316.0221
6000	162.8945
6033.3335	110.1272
6066.6665	320.2611
6100	335.5366
6133.3335	309.5131
6166.6665	87.7602
6200	319.3385
6233.3335	162.6868
6266.6665	296.2331
6300	440.391
6333.3335	349.3975
6366.6665	365.1678
6400	506.4934
6433.3335	274.6083
6466.6665	191.8282
6500	491.593
6533.3335	191.2105
6566.6665	535.4598
6600	273.9413
6633.3335	128.1838
6666.6665	108.8162
6700	248.857
6733.3335	162.8326
6766.6665	338.0755
6800	324.5331
6833.3335	327.9539
6866.6665	665.3103
6900	611.2642
6933.3335	263.8884
6966.6665	341.3721
7000	83.3883
7033.3335	59.9526
7066.6665	418.387
7100	334.2906
7133.3335	175.3131
7166.6665	323.3846
7200	132.198
7233.3335	815.1055
7266.6665	440.1169
7300	354.2353
7333.3335	669.0151
7366.6665	274.6197
7400	418.8866
7433.3335	411.7997
7466.6665	67.8702
7500	174.5944
7533.3335	344.5587
7566.6665	326.0875
7600	780.4988
7633.3335	728.3674
7666.6665	681.6812
7700	176.2076
7733.3335	86.379
7766.6665	277.3256
7800	252.6821
7833.3335	583.266
7866.6665	275.5066
7900	485.8463
7933.3335	488.9216
7966.6665	177.1822
8000	254.5672
8033.3335	490.987
8066.6665	392.303
8100	344.0943
8133.3335	327.6775
8166.6665	464.4554
8200	128.3094
8233.333	205.3376
8266.667	267.3586
8300	229.2327
8333.333	262.4571
8366.667	162.8402
8400	740.9662
8433.333	262.8462
8466.667	242.2986
8500	442.1902
8533.333	494.5016
8566.667	528.2142
8600	101.6887
8633.333	171.9519
8666.667	304.2976
8700	187.2407
8733.333	140.8837
8766.667	234.0488
8800	854.0385
8833.333	309.7557
8866.667	764.1636
8900	244.3864
8933.333	205.5388
8966.667	208.0036
9000	211.8705
9033.333	211.4738
9066.667	350.0502
9100	162.7446
9133.333	451.1921
9166.667	555.8411
9200	230.7734
9233.333	375.393
9266.667	506.7086
9300	154.609
9333.333	107.8446
9366.667	269.6837
9400	222.7552
9433.333	300.5696
9466.667	120.4458
9500	222.2867
9533.333	459.3649
9566.667	592.5724
9600	399.5243
9633.333	808.5031
9666.667	366.8087
9700	194.5182
9733.333	128.5972
9766.667	133.6806
9800	115.1593
9833.333	155.8965
9866.667	270.8496
9900	232.2264
9933.333	629.3679
9966.667	414.9456
10000	540.8757
10033.333	915.8981
10066.667	185.5743
10100	443.1079
10133.333	208.0442
10166.667	119.7354
10200	52.084
10233.333	11.854
10266.667	34.7669
10300	316.9325
10333.333	423.293
10366.667	308.0692
10400	338.8982
10433.333	323.4621
10466.667	418.98
10500	210.4016
10533.333	197.6626
10566.667	207.3183
10600	107.4957
10633.333	359.8574
10666.667	382.5786
10700	338.1601
10733.333	584.2231
10766.667	427.5647
10800	629.8501
10833.333	182.7956
10866.667	99.6552
10900	223.7173
10933.333	132.5621
10966.667	261.5569
11000	93.9886
11033.333	312.7558
11066.667	851.3463
11100	440.5223
11133.333	492.6374
11166.667	874.2266
11200	516.2945
11233.333	112.1018
11266.667	317.3627
11300	410.8422
11333.333	234.9881
11366.667	150.0564
11400	48.8124
11433.333	102.9682
11466.667	472.9175
11500	201.8408
11533.333	526.4973
11566.667	741.3923
11600	202.9817
11633.333	503.3463
11666.667	194.0106
11700	76.8326
11733.333	58.7543
11766.667	247.3474
11800	235.8101
11833.333	664.8027
11866.667	502.8448
11900	551.5569
11933.333	896.6084
11966.667	425.6728
12000	363.9422
12033.333	474.9821
12066.667	904.3935
12100	206.9231
12133.333	379.9862
12166.667	741.8733
12200	416.6185
12233.333	304.1666
12266.667	520.6459
12300	49.1977
12333.333	6.4133
12366.667	53.8004
12400	747.645
12433.333	338.7684
12466.667	463.1657
12500	247.2255
12533.333	330.6173
12566.667	555.4204
12600	615.8589
12633.333	391.8429
12666.667	233.5811
12700	115.7432
12733.333	192.3662
12766.667	915.6317
12800	763.1533
12833.333	175.236
12866.667	139.5116
12900	93.7187
12933.333	30.5481
12966.667	90.7896
13000	382.4579
13033.333	285.6711
13066.667	319.3825
13100	145.0441
13133.333	178.3102
13166.667	243.0143
13200	226.6369
13233.333	215.5396
13266.667	135.6219
13300	45.2549
13333.333	13.4121
13366.667	16.489
13400	100.8583
13433.333	372.0739
13466.667	470.0229
13500	335.7105
13533.333	188.2757
13566.667	304.5219
13600	211.4616
13633.333	216.01
13666.667	139.2959
13700	333.7829
13733.333	278.566
13766.667	224.2097
13800	354.0074
13833.333	158.3499
13866.667	334.4637
13900	285.3636
13933.333	116.3735
13966.667	132.7561
14000	202.7938
14033.333	558.0063
14066.667	261.7604
14100	243.5663
14133.333	235.9479
14166.667	270.0234
14200	221.0243
14233.333	822.7296
14266.667	450.3512
14300	945.6049
14333.333	295.1157
14366.667	125.9912
14400	697.1105
14433.333	451.8201
14466.667	323.3349
14500	452.9208
14533.333	101.1723
14566.667	335.5025
14600	432.3371
14633.333	287.5759
14666.667	499.6571
14700	291.3152
14733.333	692.3836
14766.667	235.4236
14800	191.3339
14833.333	298.4264
14866.667	227.9282
14900	467.5809
14933.333	372.233
14966.667	1004.781
15000	324.9207
15033.333	461.0141
15066.667	570.1306
15100	110.4389
15133.333	143.9328
15166.667	173.5598
15200	335.0734
15233.333	194.6161
15266.667	173.9588
15300	284.021
15333.333	843.2054
15366.667	136.7912
15400	791.8513
15433.333	296.9958
15466.667	422.6111
15500	408.4393
15533.333	350.9527
15566.667	469.6937
15600	224.1323
15633.333	99.2189
15666.667	240.2681
15700	534.047
15733.333	251.722
15766.667	409.1147
15800	532.0507
15833.333	206.7161
15866.667	359.3289
15900	193.2687
15933.333	106.5731
15966.667	434.8801
16000	161.3508
16033.333	865.2546
16066.667	167.7717
16100	677.2174
16133.333	442.3911
16166.667	132.7857
16200	217.326
16233.333	210.9308
16266.667	108.8549
16300	454.4019
16333.333	255.8524
16366.667	306.9309
16400	689.4305
16433.334	462.1444
16466.666	465.2459
16500	285.7018
16533.334	240.9694
16566.666	376.7868
16600	248.9052
16633.334	790.3292
16666.666	720.7007
16700	122.1266
16733.334	66.7638
16766.666	68.1716
16800	285.1893
16833.334	281.1728
16866.666	519.4921
16900	140.2086
16933.334	243.897
16966.666	365.2411
17000	1068.6708
17033.334	339.6674
17066.666	588.3387
17100	535.3759
17133.334	200.9949
17166.666	414.8325
17200	316.188
17233.334	432.7896
17266.666	381.9309
17300	565.3411
17333.334	395.4808
17366.666	1048.6034
17400	312.2607
17433.334	231.5487
17466.666	383.5524
17500	609.6343
17533.334	453.5598
17566.666	307.5338
17600	520.2989
17633.334	413.8271
17666.666	438.1407
17700	126.0406
17733.334	321.6248
17766.666	418.8562
17800	481.632
17833.334	513.3665
17866.666	328.3009
17900	150.8913
17933.334	443.1219
17966.666	469.5973
18000	215.5138
18033.334	197.6167
18066.666	356.2316
18100	186.1256
18133.334	154.2271
18166.666	465.3386
18200	707.6257
18233.334	606.4318
18266.666	259.3544
18300	127.5794
18333.334	119.4381
18366.666	173.6923
18400	144.9826
18433.334	324.6778
18466.666	233.7063
18500	428.8502
18533.334	347.3112
18566.666	241.9037
18600	626.8719
18633.334	614.5259
18666.666	318.6896
18700	386.7272
18733.334	148.4622
18766.666	265.0555
18800	769.4459
18833.334	881.8112
18866.666	561.8774
18900	238.3516
18933.334	120.2461
18966.666	171.0445
19000	349.0429
19033.334	1096.5144
19066.666	897.0412
19100	231.5715
19133.334	134.708
19166.666	310.5522
19200	210.4281
19233.334	330.4715
19266.666	431.3374
19300	338.181
19333.334	303.3738
19366.666	424.1689
19400	594.4388
19433.334	189.2021
19466.666	372.4027
19500	174.6373
19533.334	274.5187
19566.666	127.0482
19600	326.7492
19633.334	198.6748
19666.666	220.495
19700	227.2429
19733.334	386.2227
19766.666	932.394
19800	681.5396
19833.334	976.3853
19866.666	547.8646
19900	107.6252
19933.334	354.4319
19966.666	304.5265
20000	599.6209
20033.334	197.2055
20066.666	526.0695
20100	819.8256
20133.334	168.1647
20166.666	305.8865
20200	341.8657
20233.334	400.8197
20266.666	480.4751
20300	178.7468
20333.334	178.6462
20366.666	84.5273
20400	160.3063
20433.334	883.3075
20466.666	217.0127
20500	635.2869
20533.334	272.7335
20566.666	144.0634
20600	343.6904
20633.334	250.5917
20666.666	708.6774
20700	182.8791
20733.334	286.7497
20766.666	84.5053
20800	596.6401
20833.334	527.4917
20866.666	423.2099
20900	329.9536
20933.334	370.5754
20966.666	604.2932
21000	179.1614
21033.334	429.7884
21066.666	180.7207
21100	84.2931
21133.334	572.0089
21166.666	177.6913
21200	460.4773
21233.334	270.5003
21266.666	246.7358
21300	220.153
21333.334	60.3763
21366.666	486.2058
21400	286.1312
21433.334	224.0783
21466.666	202.2767
21500	446.1031
21533.334	288.1894
21566.666	452.6542
21600	527.0995
21633.334	286.2015
21666.666	509.2589
21700	818.2666
21733.334	771.8055
21766.666	167.4464
21800	629.1249
21833.334	280.8637
21866.666	356.8869
21900	373.0527
21933.334	128.2115
21966.666	164.69
22000	255.4514
22033.334	321.2577
22066.666	235.6681
22100	843.1322
22133.334	573.8047
22166.666	553.3091
22200	678.2919
22233.334	271.6594
22266.666	371.2664
22300	95.5438
22333.334	404.7758
22366.666	203.8834
22400	107.6282
22433.334	127.1465
22466.666	222.8543
22500	171.7324
22533.334	88.3749
22566.666	22.9388
22600	16.2126
22633.334	39.8716
22666.666	192.1111
22700	399.2008
22733.334	273.0076
22766.666	430.1768
22800	214.9177
22833.334	182.5773
22866.666	622.7845
22900	111.9074
22933.334	139.0518
22966.666	244.9491
23000	170.0156
23033.334	189.6106
23066.666	280.0945
23100	109.5611
23133.334	575.733
23166.666	498.1889
23200	265.0464
23233.334	184.2288
23266.666	341.2415
23300	733.0441
23333.334	224.8419
23366.666	271.2764
23400	577.0485
23433.334	140.9247
23466.666	375.6405
23500	210.3647
23533.334	790.2957
23566.666	252.2182
23600	266.8973
23633.334	566.8594
23666.666	699.9428
23700	124.804
23733.334	298.3793
23766.666	375.8034
23800	204.672
23833.334	472.782
23866.666	669.1669
23900	188.7708
23933.334	294.5526
23966.666	215.1926
24000	98.8886
24033.334	30.2584
24066.666	416.1439
24100	213.9591
24133.334	566.9501
24166.666	323.352
24200	282.5627
24233.334	250.9903
24266.666	130.2116
24300	74.5519
24333.334	99.6218
24366.666	509.4146
24400	285.8518
24433.334	386.8521
24466.666	174.0495
24500	105.592
24533.334	133.6153
24566.666	489.9437
24600	195.0102
24633.334	159.2064
24666.666	289.1033
24700	347.1161
24733.334	235.6571
24766.666	156.712
24800	152.1021
24833.334	277.621
24866.666	262.3716
24900	987.8653
24933.334	276.5351
24966.666	1218.0267
25000	549.1506
25033.334	69.9712
25066.666	342.4041
25100	330.0371
25133.334	573.8806
25166.666	239.169
25200	496.3384
25233.334	150.446
25266.666	891.1487
25300	391.7624
25333.334	409.5251
25366.666	360.9987
25400	177.9411
25433.334	151.8139
25466.666	384.4754
25500	450.437
25533.334	172.3012
25566.666	1209.9569
25600	263.4055
25633.334	797.0292
25666.666	395.7196
25700	168.4422
25733.334	221.9765
25766.666	333.6653
25800	224.2708
25833.334	417.4606
25866.666	495.8084
25900	174.1069
25933.334	520.1686
25966.666	783.6667
26000	669.626
26033.334	287.9028
26066.666	252.1172
26100	348.8998
26133.334	308.3239
26166.666	307.303
26200	844.2564
26233.334	555.799
26266.666	300.3832
26300	194.462
26333.334	340.5722
26366.666	178.6071
26400	254.7327
26433.334	252.9828
26466.666	171.2464
26500	215.802
26533.334	288.2627
26566.666	709.2466
26600	239.6026
26633.334	674.3278
26666.666	1012.5893
26700	126.3936
26733.334	86.0555
26766.666	247.5874
26800	291.6747
26833.334	305.5117
26866.666	451.3337
26900	378.4729
26933.334	240.5654
26966.666	197.5498
27000	432.5592
27033.334	94.8847
27066.666	260.3818
27100	278.0527
27133.334	526.9427
27166.666	305.7339
27200	484.0649
27233.334	100.2486
27266.666	672.2255
27300	550.3192
27333.334	371.8875
27366.666	404.6923
27400	274.554
27433.334	269.3579
27466.666	551.7111
27500	197.7898
27533.334	117.9593
27566.666	182.7018
27600	794.9432
27633.334	248.6709
27666.666	504.4219
27700	552.4058
27733.334	187.3527
27766.666	180.4272
27800	153.3265
27833.334	165.9341
27866.666	177.2756
27900	545.2051
27933.334	284.2424
27966.666	482.4483
28000	557.4573
28033.334	294.1733
28066.666	165.5488
28100	341.3717
28133.334	102.4218
28166.666	420.4804
28200	243.2967
28233.334	272.6287
28266.666	468.9856
28300	622.6417
28333.334	501.6545
28366.666	276.3616
28400	205.9101
28433.334	342.0274
28466.666	562.8661
28500	1314.2937
28533.334	750.379
28566.666	217.7994
28600	192.0545
28633.334	295.1206
28666.666	155.7598
28700	521.0969
28733.334	258.2192
28766.666	447.4911
28800	164.6474
28833.334	475.1176
28866.666	623.7238
28900	241.9258
28933.334	492.3238
28966.666	161.5197
29000	259.1444
29033.334	213.3235
29066.666	336.0963
29100	285.4774
29133.334	101.0755
29166.666	102.0357
29200	553.5035
29233.334	325.8445
29266.666	272.7441
29300	723.0817
29333.334	158.2588
29366.666	389.5352
29400	153.8858
29433.334	170.2669
29466.666	94.6318
29500	231.9443
29533.334	1022.3042
29566.666	621.9222
29600	883.3101
29633.334	377.4307
29666.666	148.8635
29700	165.3024
29733.334	297.8968
29766.666	326.9037
29800	425.6876
29833.334	260.9088
29866.666	298.4032
29900	505.198
29933.334	576.8762
29966.666	330.8242
30000	167.9407
30033.334	314.4309
30066.666	333.3866
30100	446.8146
30133.334	685.3104
30166.666	798.4708
30200	363.4855
30233.334	227.0975
30266.666	626.5674
30300	62.8187
30333.334	216.3065
30366.666	196.36
30400	147.0734
30433.334	64.5686
30466.666	78.9143
30500	798.1249
30533.334	177.4692
30566.666	639.8459
30600	407.8831
30633.334	86.2651
30666.666	79.0491
30700	365.1515
30733.334	244.3253
30766.666	356.1518
30800	215.6877
30833.334	107.591
30866.666	483.883
30900	667.9163
30933.334	333.6558
30966.666	871.7857
31000	324.4374
31033.334	610.5971
31066.666	304.26
31100	500.9882
31133.334	193.4878
31166.666	119.675
31200	681.2499
31233.334	271.7711
31266.666	116.1392
31300	402.2067
31333.334	719.3795
31366.666	152.4643
31400	99.695
31433.334	332.3634
31466.666	331.7251
31500	258.8544
31533.334	439.2322
31566.666	547.1725
31600	146.3365
31633.334	279.4787
31666.666	212.2046
31700	336.8879
31733.334	291.2955
31766.666	391.8072
31800	267.0062
31833.334	206.5362
31866.666	99.3173
31900	900.894
31933.334	363.7607
31966.666	170.8683
32000	626.1958
32033.334	264.1306
32066.666	282.6144
32100	192.2971
32133.334	59.3918
32166.666	62.4417
32200	370.7816
32233.334	232.764
32266.666	116.1654
32300	184.4122
32333.334	194.2365
32366.666	63.0055
32400	20.7078
32433.334	10.8243
32466.666	404.5541
32500	182.2636
32533.334	251.2937
32566.666	251.2717
32600	375.7563
32633.334	252.4426
32666.666	134.2623
32700	250.5146
32733.334	492.9632
32766.666	620.1519
32800	528.723
32833.332	160.328
32866.668	509.9055
32900	455.6263
32933.332	158.2872
32966.668	361.9995
33000	343.2636
33033.332	481.2128
33066.668	112.9838
33100	299.9542
33133.332	186.9108
33166.668	588.9439
33200	561.3979
33233.332	455.4493
33266.668	552.9727
33300	223.4542
33333.332	156.1714
33366.668	561.5475
33400	423.1503
33433.332	219.5812
33466.668	383.3258
33500	430.6631
33533.332	635.0758
33566.668	175.0686
33600	349.2965
33633.332	698.4321
33666.668	123.0063
33700	303.3693
33733.332	209.6476
33766.668	43.9177
33800	37.7071
33833.332	554.1295
33866.668	365.6728
33900	1016.5461
33933.332	467.9848
33966.668	242.0055
34000	190.6611
34033.332	202.4821
34066.668	596.7958
34100	468.7556
34133.332	279.3914
34166.668	400.4503
34200	713.708
34233.332	174.8666
34266.668	268.5162
34300	223.2267
34333.332	386.433
34366.668	360.5203
34400	517.8747
34433.332	303.0864
34466.668	175.8047
34500	106.6103
34533.332	650.4364
34566.668	301.5423
34600	590.5344
34633.332	173.4888
34666.668	142.9908
34700	173.3168
34733.332	207.2693
34766.668	661.3898
34800	212.0034
34833.332	299.2127
34866.668	191.2086
34900	297.9586
34933.332	147.1736
34966.668	142.5671
35000	377.1664
35033.332	480.4695
35066.668	593.5447
35100	142.7835
35133.332	556.3973
35166.668	1062.4939
35200	386.0396
35233.332	480.848
35266.668	461.9963
35300	205.7039
35333.332	290.1325
35366.668	671.7119
35400	278.3602
35433.332	189.524
35466.668	209.9277
35500	779.8549
35533.332	362.1616
35566.668	829.9467
35600	482.8663
35633.332	107.8681
35666.668	200.5131
35700	273.8554
35733.332	384.3102
35766.668	77.2403
35800	494.3729
35833.332	736.0557
35866.668	410.4735
35900	603.8839
35933.332	289.068
35966.668	133.2151
36000	48.0914
36033.332	283.9933
36066.668	309.269
36100	722.0341
36133.332	137.6709
36166.668	261.899
36200	207.2549
36233.332	192.7611
36266.668	148.3817
36300	103.6671
36333.332	211.588
36366.668	359.5654
36400	245.3678
36433.332	421.8582
36466.668	289.2961
36500	178.4449
36533.332	293.5446
36566.668	242.6471
36600	584.4293
36633.332	278.8519
36666.668	932.998
36700	289.4419
36733.332	124.244
36766.668	274.1523
36800	231.7841
36833.332	39.8195
36866.668	34.2475
36900	157.646
36933.332	375.5901
36966.668	259.2052
37000	140.5568
37033.332	262.4343
37066.668	159.091
37100	262.5212
37133.332	62.502
37166.668	174.6566
37200	196.1162
37233.332	267.84
37266.668	215.6611
37300	271.1154
37333.332	871.5526
37366.668	227.3799
37400	93.8952
37433.332	203.9985
37466.668	499.0694
37500	412.884
37533.332	205.1671
37566.668	130.1987
37600	98.0006
37633.332	295.5033
37666.668	577.3937
37700	284.6315
37733.332	460.5977
37766.668	125.061
37800	268.0974
37833.332	136.1709
37866.668	93.2004
37900	102.7624
37933.332	64.7349
37966.668	105.5613
38000	624.0727
38033.332	286.9323
38066.668	610.2019
38100	735.0799
38133.332	117.5113
38166.668	191.7265
38200	741.6664
38233.332	759.7245
38266.668	535.1924
38300	386.3244
38333.332	231.8141
38366.668	244.9145
38400	298.5597
38433.332	132.0245
38466.668	681.4754
38500	684.9995
38533.332	407.1154
38566.668	519.8345
38600	65.3302
38633.332	187.1784
38666.668	67.5098
38700	141.0192
38733.332	383.5156
38766.668	234.4125
38800	552.4191
38833.332	214.6425
38866.668	169.033
38900	755.6731
38933.332	563.0692
38966.668	255.2103
39000	62.9098
39033.332	91.6514
39066.668	680.5569
39100	656.0057
39133.332	498.1145
39166.668	346.9373
39200	246.757
39233.332	247.8345
39266.668	348.5193
39300	169.4563
39333.332	501.8523
39366.668	295.902
39400	85.6424
39433.332	288.1507
39466.668	138.1163
39500	359.7773
39533.332	205.03
39566.668	50.4943
39600	115.1927
39633.332	381.6678
39666.668	79.9208
39700	230.759
39733.332	185.5242
39766.668	676.1555
39800	484.8599
39833.332	471.2553
39866.668	773.8007
39900	280.9146
39933.332	358.6098
39966.668	157.2644
40000	194.6006
40033.332	201.2599
40066.668	97.5867
40100	78.8217
40133.332	658.1148
40166.668	243.5367
40200	418.3896
40233.332	830.6168
40266.668	288.582
40300	208.6562
40333.332	72.4414
40366.668	247.4446
40400	276.1388
40433.332	166.9816
40466.668	643.1874
40500	337.6472
40533.332	370.2808
40566.668	513.155
40600	191.567
40633.332	460.2468
40666.668	302.3423
40700	239.792
40733.332	267.2868
40766.668	80.9907
40800	167.1487
40833.332	271.5547
40866.668	464.3575
40900	1287.4771
40933.332	346.9316
40966.668	378.9566
41000	336.1524
41033.332	116.5071
41066.668	53.2343
41100	45.7268
41133.332	87.9568
41166.668	53.8357
41200	97.0302
41233.332	757.6458
41266.668	303.2573
41300	816.0881
41333.332	375.4583
41366.668	292.4804
41400	180.2723
41433.332	413.0948
41466.668	717.9299
41500	544.1929
41533.332	317.2773
41566.668	121.8126
41600	734.1858
41633.332	630.6546
41666.668	232.4648
41700	66.5428
41733.332	28.0624
41766.668	303.1813
41800	255.9309
41833.332	282.8053
41866.668	157.2117
41900	118.7802
41933.332	984.9335
41966.668	485.5198
42000	568.3937
42033.332	275.5343
42066.668	290.8125
42100	116.0618
42133.332	179.5813
42166.668	84.4935
42200	32.2934
42233.332	11.3118
42266.668	22.504
42300	27.8213
42333.332	79.499
42366.668	584.1305
42400	353.242
42433.332	210.9958
42466.668	416.604
42500	430.9209
42533.332	911.428
42566.668	627.6465
42600	306.123
42633.332	474.61
42666.668	110.2012
42700	516.8055
42733.332	1047.442
42766.668	99.5902
42800	83.9062
42833.332	414.6529
42866.668	93.574
42900	218.8025
42933.332	245.3572
42966.668	481.4536
43000	382.8497
43033.332	156.215
43066.668	673.5392
43100	252.0701
43133.332	218.386
43166.668	121.7628
43200	314.0136
43233.332	574.8848
43266.668	328.5504
43300	183.1001
43333.332	76.0007
43366.668	17.8216
43400	20.2849
43433.332	138.7439
43466.668	254.2748
43500	512.9466
43533.332	493.4264
43566.668	392.6918
43600	366.4048
43633.332	269.7736
43666.668	210.951
43700	127.9845
43733.332	33.8591
43766.668	78.6049
43800	133.9502
43833.332	41.689
43866.668	70.7158
43900	471.6877
43933.332	331.4165
43966.668	632.7147
44000	584.3644
44033.332	132.4493
44066.668	298.8991
44100	166.3036
44133.332	139.7374
44166.668	132.1722
44200	436.5567
44233.332	174.5894
44266.668	721.6196
44300	175.2144
44333.332	316.7184
44366.668	515.9373
44400	118.006
44433.332	251.0032
44466.668	125.3788
44500	40.6298
44533.332	160.6013
44566.668	333.6614
44600	249.1007
44633.332	472.4945
44666.668	336.8674
44700	485.6682
44733.332	503.6482
44766.668	355.9149
44800	582.086
44833.332	408.4917
44866.668	142.6605
44900	111.314
44933.332	300.5324
44966.668	840.3982
45000	1033.2998
45033.332	456.7729
45066.668	161.3641
45100	92.3158
45133.332	217.0382
45166.668	240.9215
45200	45.1808
45233.332	273.4613
45266.668	141.0838
45300	780.3397
45333.332	449.0349
45366.668	260.203
45400	515.6984
45433.332	240.1056
45466.668	404.4288
45500	315.5802
45533.332	375.9139
45566.668	181.6809
45600	98.6961
45633.332	100.6393
45666.668	252.6145
45700	207.6566
45733.332	364.9799
45766.668	116.4786
45800	130.7382
45833.332	140.2644
45866.668	351.9941
45900	282.811
45933.332	247.1219
45966.668	194.6549
46000	773.9252
46033.332	267.3665
46066.668	305.4453
46100	655.5912
46133.332	425.3364
46166.668	131.4569
46200	553.7244
46233.332	252.2926
46266.668	545.9747
46300	759.898
46333.332	557.2512
46366.668	301.4227
46400	137.9917
46433.332	268.2504
46466.668	140.1145
46500	552.7073
46533.332	578.232
46566.668	652.8177
46600	445.9026
46633.332	264.0156
46666.668	104.4394
46700	370.0222
46733.332	162.3474
46766.668	94.9181
46800	123.1619
46833.332	264.6967
46866.668	805.4927
46900	239.7339
46933.332	183.0982
46966.668	370.881
47000	199.9402
47033.332	322.4753
47066.668	276.0473
47100	212.9002
47133.332	133.1529
47166.668	78.7237
47200	210.4327
47233.332	231.2715
47266.668	296.405
47300	583.7227
47333.332	348.4157
47366.668	280.0774
47400	375.0008
47433.332	180.5563
47466.668	34.7464
47500	10.434
47533.332	180.1018
47566.668	615.1543
47600	230.8042
47633.332	501.2479
47666.668	600.2482
47700	245.1947
47733.332	143.2566
47766.668	143.7646
47800	259.5659
47833.332	229.1906
47866.668	110.0114
47900	520.9603
47933.332	309.2443
47966.668	163.5001
48000	509.5979
48033.332	204.8501
48066.668	326.1774
48100	240.39
48133.332	45.9713
48166.668	10.7256
48200	15.2163
48233.332	592.2421
48266.668	320.2265
48300	706.6823
48333.332	573.4979
48366.668	160.784
48400	356.7544
48433.332	559.4988
48466.668	609.6711
48500	513.7856
48533.332	260.4984
48566.668	154.6686
48600	17.563
48633.332	627.9905
48666.668	657.3524
48700	499.1639
48733.332	421.8716
48766.668	144.3869
48800	248.5813
48833.332	306.6029
48866.668	348.4415
48900	189.707
48933.332	374.623
48966.668	469.068
49000	561.6241
49033.332	110.7274
49066.668	295.2338
49100	191.5268
49133.332	50.5843
49166.668	34.9803
49200	107.2238
49233.332	14.5417
49266.668	106.7557
49300	41.5615
49333.332	597.8874
49366.668	766.4575
49400	180.5745
49433.332	182.865
49466.668	387.7599
49500	814.3287
49533.332	587.6204
49566.668	283.5111
49600	136.8273
49633.332	316.0923
49666.668	209.1149
49700	174.575
49733.332	677.3776
49766.668	537.8486
49800	378.3495
49833.332	280.2574
49866.668	82.1886
49900	218.6859
49933.332	115.1247
49966.668	258.3267
50000	148.0803
50033.332	314.1287
50066.668	306.0273
50100	619.9852
50133.332	232.2811
50166.668	144.6868
50200	64.1931
50233.332	32.2133
50266.668	55.5944
50300	83.9665
50333.332	59.1841
50366.668	31.6449
50400	120.0855
50433.332	295.5853
50466.668	163.0118
50500	379.7
50533.332	130.6736
50566.668	112.6106
50600	181.8096
50633.332	292.1083
50666.668	280.8432
50700	112.4838
50733.332	183.0891
50766.668	575.3788
50800	192.9847
50833.332	526.4723
50866.668	484.9966
50900	692.5788
50933.332	266.5544
50966.668	582.6126
51000	274.7268
51033.332	519.7233
51066.668	217.4816
51100	896.6387
51133.332	363.2076
51166.668	99.9843
51200	89.9771
51233.332	33.3675
51266.668	19.6474
51300	154.117
51333.332	127.4271
51366.668	241.1235
51400	204.7183
51433.332	627.3955
51466.668	248.7598
51500	396.7725
51533.332	251.7933
51566.668	230.8395
51600	98.2956
51633.332	261.2687
51666.668	207.5556
51700	98.6365
51733.332	48.8241
51766.668	81.8742
51800	643.1692
51833.332	395.9653
51866.668	473.7395
51900	771.8283
51933.332	409.0088
51966.668	322.8569
52000	148.2223
52033.332	76.4966
52066.668	21.7189
52100	35.9078
52133.332	93.4977
52166.668	316.3509
52200	386.9903
52233.332	461.3171
52266.668	530.7705
52300	217.7759
52333.332	443.172
52366.668	1047.2002
52400	493.6766
52433.332	653.7911
52466.668	386.4626
52500	133.7865
52533.332	651.0507
52566.668	691.6562
52600	260.7622
52633.332	34.2642
52666.668	29.116
52700	230.6098
52733.332	427.8126
52766.668	256.1918
52800	206.2419
52833.332	479.7515
52866.668	195.3409
52900	275.2914
52933.332	658.0526
52966.668	299.2951
53000	287.3572
53033.332	300.6676
53066.668	129.0574
53100	40.2117
53133.332	46.3711
53166.668	37.212
53200	32.7923
53233.332	577.9123
53266.668	264.7647
53300	540.6692
53333.332	273.3087
53366.668	181.5138
53400	149.6658
53433.332	544.033
53466.668	231.5578
53500	857.9594
53533.332	453.8806
53566.668	166.635
53600	212.8208
53633.332	112.1181
53666.668	278.2949
53700	232.8115
53733.332	259.4471
53766.668	382.1454
53800	270.6902
53833.332	363.555
53866.668	389.3519
53900	64.5849
53933.332	210.4221
53966.668	362.0393
54000	187.8364
54033.332	311.7873
54066.668	576.3192
54100	482.3454
54133.332	530.4861
54166.668	128.6295
54200	258.8214
54233.332	216.1585
54266.668	61.6804
54300	421.5287
54333.332	110.2927
54366.668	170.1951
54400	399.541
54433.332	604.9503
54466.668	194.88
54500	644.6066
54533.332	187.4271
54566.668	334.4196
54600	194.3135
54633.332	271.0341
54666.668	243.31
54700	97.4307
54733.332	130.248
54766.668	496.843
54800	466.9912
54833.332	310.266
54866.668	63.5902
54900	310.6414
54933.332	395.8104
54966.668	213.4928
55000	190.906
55033.332	387.411
55066.668	280.0159
55100	456.6073
55133.332	532.9547
55166.668	164.9622
55200	482.5071
55233.332	517.7559
55266.668	101.0994
55300	193.9715
55333.332	87.0817
55366.668	372.7179
55400	138.9698
55433.332	105.1805
55466.668	677.1563
55500	237.4852
55533.332	287.779
55566.668	474.0125
55600	135.1089
55633.332	546.5301
55666.668	436.862
55700	658.1035
55733.332	393.9572
55766.668	157.0017
55800	397.7786
55833.332	774.7256
55866.668	454.1186
55900	222.5278
55933.332	46.9391
55966.668	386.6559
56000	145.8057
56033.332	345.8943
56066.668	319.8173
56100	262.5117
56133.332	584.2057
56166.668	221.7479
56200	431.7794
56233.332	408.6587
56266.668	229.7225
56300	540.0985
56333.332	577.6792
56366.668	266.1562
56400	120.4636
56433.332	188.2054
56466.668	420.81
56500	82.4695
56533.332	136.7035
56566.668	70.677
56600	335.2272
56633.332	379.1494
56666.668	439.659
56700	468.989
56733.332	255.7282
56766.668	136.4932
56800	169.3371
56833.332	68.2001
56866.668	84.2969
56900	60.8873
56933.332	333.7491
56966.668	197.9363
57000	271.3242
57033.332	272.8812
57066.668	134.129
57100	260.5769
57133.332	304.1803
57166.668	228.2019
57200	151.1746
57233.332	538.6118
57266.668	355.3914
57300	83.659
57333.332	81.1779
57366.668	167.7262
57400	520.2001
57433.332	367.5696
57466.668	292.0271
57500	81.1308
57533.332	385.0164
57566.668	124.9855
57600	370.2667
57633.332	252.2091
57666.668	223.8965
57700	239.6193
57733.332	504.4637
57766.668	1006.212
57800	130.9083
57833.332	430.5113
57866.668	276.1733
57900	74.9396
57933.332	62.9994
57966.668	74.6381
58000	296.3568
58033.332	216.8965
58066.668	247.7954
58100	76.6466
58133.332	662.5915
58166.668	549.0317
58200	229.2099
58233.332	503.3949
58266.668	500.2862
58300	175.5105
58333.332	54.4083
58366.668	49.1742
58400	35.1534
58433.332	43.2012
58466.668	11.8897
58500	114.5602
58533.332	168.6499
58566.668	274.8574
58600	256.0433
58633.332	279.0387
58666.668	200.7109
58700	264.5376
58733.332	518.9613
58766.668	245.2718
58800	386.4258
58833.332	349.9682
58866.668	138.6269
58900	95.1812
58933.332	122.8214
58966.668	558.2827
59000	256.4302
59033.332	171.8547
59066.668	233.9448
59100	572.8612
59133.332	197.5343
59166.668	225.3142
59200	144.2718
59233.332	538.5989
59266.668	131.2063
59300	265.9466
59333.332	211.1381
59366.668	193.4673
59400	286.6901
59433.332	309.7416
59466.668	154.0038
59500	376.0153
59533.332	179.3516
59566.668	409.9173
59600	269.0929
59633.332	226.799
59666.668	584.673
59700	892.7062
59733.332	190.3996
59766.668	149.7276
59800	373.2388
59833.332	240.9504
59866.668	184.5861
59900	183.4714
59933.332	197.4101
59966.668	103.6402
60000	113.9831
60033.332	118.918
60066.668	649.72
