0	107.9081
33.3333	104.3984
66.6667	104.586
100	104.277
133.3333	103.6836
166.6667	91.6654
200	91.1063
233.3333	91.0882
266.6667	91.0944
300	111.2126
333.3333	141.5084
366.6667	133.4665
400	99.8311
433.3333	98.4765
466.6667	97.6398
500	92.8105
533.3333	92.5535
566.6667	92.6141
600	92.6179
633.3333	92.4966
666.6667	92.5066
700	92.551
733.3333	92.5572
766.6667	92.2814
800	92.2633
833.3333	87.591
866.6667	87.4947
900	87.6266
933.3333	88.6654
966.6667	88.5353
1000	88.541
1033.3334	88.4765
1066.6666	88.3884
1100	88.349
1133.3334	88.3984
1166.6666	85.5203
1200	85.4753
1233.3334	85.2039
1266.6666	85.2433
1300	85.1463
1333.3334	85.1745
1366.6666	84.8249
1400	84.8462
1433.3334	84.8624
1466.6666	84.8649
1500	79.1776
1533.3334	79.2095
1566.6666	79.0725
1600	78.9994
1633.3334	79.1651
1666.6666	79.1363
1700	79.0938
1733.3334	79.1495
1766.6666	79.1082
1800	79.1538
1833.3334	81.541
1866.6666	81.4403
1900	83.1101
1933.3334	83.0525
1966.6666	83.2083
2000	83.1901
2033.3334	83.192
2066.6667	83.2952
2100	83.1313
2133.3333	83.0594
2166.6667	79.3083
2200	79.3671
2233.3333	79.374
2266.6667	79.399
2300	79.4909
2333.3333	79.7186
2366.6667	79.7079
2400	79.7129
2433.3333	79.5134
2466.6667	79.8362
2500	79.3859
2533.3333	79.414
2566.6667	79.1845
2600	79.5535
2633.3333	79.5503
2666.6667	79.6642
2700	79.4328
2733.3333	79.4941
2766.6667	79.7667
2800	79.4284
2833.3333	78.9962
2866.6667	80.5034
2900	80.6542
2933.3333	80.7655
2966.6667	80.6673
3000	80.631
3033.3333	80.7717
3066.6667	80.5178
3100	80.5947
3133.3333	80.4103
3166.6667	77.6398
3200	77.6786
3233.3333	77.7104
3266.6667	77.359
3300	77.7367
3333.3333	77.8887
3366.6667	77.9706
3400	77.9594
3433.3333	77.9318
3466.6667	78.0775
3500	78.4415
3533.3333	78.4215
3566.6667	78.6173
3600	78.6079
3633.3333	78.6529
3666.6667	78.7949
3700	78.596
3733.3333	78.5503
3766.6667	78.4922
3800	78.5522
3833.3333	79.1495
3866.6667	78.9506
3900	78.9987
3933.3333	79.0206
3966.6667	78.935
4000	78.676
4033.3333	78.6685
4066.6667	78.4916
4100	78.6529
4133.3335	78.5891
4166.6665	79.4609
4200	79.4984
4233.3335	79.2364
4266.6665	79.5347
4300	79.5147
4333.3335	79.5478
4366.6665	79.4747
4400	79.6198
4433.3335	79.6254
4466.6665	79.6098
4500	79.8055
4533.3335	79.7736
4566.6665	79.803
4600	79.6879
4633.3335	79.6911
4666.6665	79.6698
4700	79.6804
4733.3335	79.4884
4766.6665	79.4403
4800	80.1163
4833.3335	75.4809
4866.6665	75.2745
4900	75.257
4933.3335	74.7805
4966.6665	75.187
5000	75.0869
5033.3335	75
5066.6665	75.0194
5100	74.9794
5133.3335	74.9375
5166.6665	78.9731
5200	78.8099
5233.3335	78.4928
5266.6665	78.8912
5300	78.8118
5333.3335	79.065
5366.6665	78.7205
5400	78.6917
5433.3335	78.7054
5466.6665	78.8874
5500	73.656
5533.3335	73.5197
5566.6665	73.5428
5600	73.192
5633.3335	73.5829
5666.6665	73.626
5700	73.7242
5733.3335	74.4472
5766.6665	74.4653
5800	75.9512
5833.3335	76.0225
5866.6665	75.7905
5900	76.0169
5933.3335	75.8787
5966.6665	75.7905
6000	75.7855
6033.3335	75.8218
6066.6665	75.8336
6100	75.8174
6133.3335	76.1201
6166.6665	76.5072
6200	76.4959
6233.3335	76.4884
6266.6665	76.4565
6300	76.4872
6333.3335	76.5103
6366.6665	76.5441
6400	76.4966
6433.3335	76.4853
6466.6665	72.2627
6500	72.0231
6533.3335	71.8324
6566.6665	72.0288
6600	72.0363
6633.3335	71.9762
6666.6665	71.9131
6700	72.2808
6733.3335	72.2214
6766.6665	72.2408
6800	6.3815
6833.3335	6.1764
6866.6665	1.1664
6900	1.1238
6933.3335	0.6266
6966.6665	1.0513
7000	0.334
7033.3335	0.4659
7066.6665	0.8286
7100	70.7111
7133.3335	70.6504
7166.6665	70.646
7200	69.2852
7233.3335	70.9099
7266.6665	70.9012
7300	70.778
7333.3335	70.6954
7366.6665	70.9737
7400	71.1063
7433.3335	74.429
7466.6665	74.5572
7500	75.0688
7533.3335	75.0588
7566.6665	75.0144
7600	74.9837
7633.3335	75.8987
7666.6665	75.8893
7700	75.9149
7733.3335	75.9024
7766.6665	70.5347
7800	70.8418
7833.3335	70.8918
7866.6665	70.8562
7900	70.8443
7933.3335	70.8593
7966.6665	70.8762
8000	70.8543
8033.3335	70.9099
8066.6665	70.8962
8100	74.4478
8133.3335	74.267
8166.6665	73.8687
8200	74.2821
8233.333	74.2964
8266.667	74.2508
8300	74.2452
8333.333	74.2714
8366.667	74.2858
8400	74.2846
8433.333	74.5603
8466.667	74.8455
8500	74.9118
8533.333	75.1313
8566.667	75.1288
8600	76.2095
8633.333	76.0994
8666.667	76.0244
8700	76.0175
8733.333	76.0594
8766.667	77.1595
8800	77.3002
8833.333	77.3265
8866.667	76.9468
8900	77.0744
8933.333	77.1513
8966.667	77.1363
9000	77.0988
9033.333	77.1094
9066.667	77.1638
9100	75.0994
9133.333	74.9819
9166.667	75.3677
9200	75.3471
9233.333	75.3221
9266.667	75.6786
9300	75.5822
9333.333	75.541
9366.667	75.5216
9400	75.1814
9433.333	75.6817
9466.667	75.6229
9500	75.6573
9533.333	75.4009
9566.667	76.344
9600	76.339
9633.333	76.3208
9666.667	76.3133
9700	76.3533
9733.333	76.3546
9766.667	76.2008
9800	76.1188
9833.333	75.7073
9866.667	75.9162
9900	75.8768
9933.333	75.7967
9966.667	76.1363
10000	76.2326
10033.333	76.267
10066.667	76.3571
10100	76.4384
10133.333	77.0069
10166.667	76.803
10200	76.8743
10233.333	76.8336
10266.667	76.8349
10300	76.8849
10333.333	76.8893
10366.667	76.9287
10400	76.9099
10433.333	78.3046
10466.667	78.2539
10500	77.7711
10533.333	79.055
10566.667	79.0194
10600	79.2508
10633.333	79.2795
10666.667	79.2658
10700	79.2552
10733.333	79.3383
10766.667	78.8261
10800	78.8174
10833.333	79.0256
10866.667	78.9819
10900	78.955
10933.333	78.9024
10966.667	78.8881
11000	78.94
11033.333	78.9106
11066.667	78.9381
11100	78.3114
11133.333	78.2745
11166.667	78.2739
11200	77.975
11233.333	78.2889
11266.667	78.3039
11300	78.2983
11333.333	78.1363
11366.667	78.2126
11400	78.2408
11433.333	77.1213
11466.667	77.0375
11500	78.1119
11533.333	78.0632
11566.667	77.9769
11600	77.9875
11633.333	77.9981
11666.667	77.9962
11700	78.0013
11733.333	77.9981
11766.667	81.6467
11800	81.8055
11833.333	131.6792
11866.667	438.157
11900	346.4515
11933.333	196.7968
11966.667	125.0263
12000	113.1538
12033.333	109.6054
12066.667	106.2595
12100	88.0625
12133.333	88.1507
12166.667	88.137
12200	88.1388
12233.333	88.1451
12266.667	88.1288
12300	88.6579
12333.333	88.5034
12366.667	88.5585
12400	81.474
12433.333	82.0932
12466.667	82.0669
12500	82.0544
12533.333	82.0338
12566.667	82.0582
12600	82.0619
12633.333	82.1182
12666.667	82.1044
12700	82.0788
12733.333	81.2958
12766.667	81.3046
12800	81.2702
12833.333	80.9944
12866.667	81.3202
12900	81.3346
12933.333	81.2108
12966.667	81.1589
13000	81.2076
13033.333	81.2383
13066.667	81.9925
13100	81.8781
13133.333	82.2389
13166.667	82.147
13200	82.1351
13233.333	82.1195
13266.667	82.1939
13300	82.2108
13333.333	82.1864
13366.667	82.1826
13400	83.2033
13433.333	83.1176
13466.667	83.1707
13500	83.1526
13533.333	83.1982
13566.667	83.1832
13600	83.1638
13633.333	83.1651
13666.667	83.1357
13700	83.1282
13733.333	86.6698
13766.667	86.7061
13800	86.4809
13833.333	86.8693
13866.667	86.8931
13900	87.0788
13933.333	87.0788
13966.667	87.3052
14000	87.3577
14033.333	87.3515
14066.667	86.0563
14100	86.464
14133.333	86.3684
14166.667	86.3721
14200	86.4027
14233.333	86.8268
14266.667	86.6373
14300	86.6517
14333.333	86.6542
14366.667	87.08
14400	85.6779
14433.333	85.5835
14466.667	85.5403
14500	85.2752
14533.333	85.5647
14566.667	85.5872
14600	85.5328
14633.333	85.5585
14666.667	85.6266
14700	85.6685
14733.333	86.5278
14766.667	86.6535
14800	86.9237
14833.333	86.8593
14866.667	86.828
14900	86.7911
14933.333	86.7598
14966.667	86.793
15000	86.8493
15033.333	86.945
15066.667	88.853
15100	88.7605
15133.333	88.8299
15166.667	88.4859
15200	88.813
15233.333	89.0238
15266.667	88.9969
15300	88.9525
15333.333	89.6304
15366.667	89.6254
15400	85.8343
15433.333	85.8787
15466.667	85.7811
15500	85.8843
15533.333	85.9156
15566.667	85.8881
15600	85.8405
15633.333	85.9124
15666.667	85.9281
15700	85.9249
15733.333	91.5447
15766.667	92.0538
15800	91.9756
15833.333	91.9249
15866.667	91.9706
15900	91.9024
15933.333	91.7749
15966.667	91.7323
16000	91.7667
16033.333	91.763
16066.667	92.0088
16100	91.9931
16133.333	91.8193
16166.667	92.0769
16200	92.0769
16233.333	92.0663
16266.667	92.0138
16300	92.7317
16333.333	92.7361
16366.667	92.8049
16400	92.1301
16433.334	92.0675
16466.666	92.2908
16500	92.3071
16533.334	92.2883
16566.666	92.2852
16600	94.03
16633.334	94.2351
16666.666	94.2158
16700	93.8668
16733.334	91.6742
16766.666	91.6485
16800	91.6454
16833.334	91.197
16866.666	91.616
16900	91.5941
16933.334	91.5829
16966.666	91.5685
17000	91.6154
17033.334	91.6185
17066.666	94.2977
17100	94.2677
17133.334	94.676
17166.666	94.6254
17200	94.5041
17233.334	94.4859
17266.666	95.0625
17300	94.9725
17333.334	95.0125
17366.666	95.0394
17400	92.2064
17433.334	92.3496
17466.666	92.3452
17500	92.4027
17533.334	92.394
17566.666	92.3915
17600	92.3533
17633.334	92.3684
17666.666	92.414
17700	93.3946
17733.334	94.3408
17766.666	94.2821
17800	94.0406
17833.334	94.2508
17866.666	94.262
17900	94.2577
17933.334	94.2645
17966.666	94.1507
18000	94.1857
18033.334	94.4803
18066.666	93.8843
18100	94.1082
18133.334	94.1363
18166.666	94.0613
18200	93.9612
18233.334	94.5835
18266.666	94.4772
18300	94.4947
18333.334	94.4847
18366.666	94.5022
18400	94.3684
18433.334	94.4603
18466.666	94.449
18500	94.1201
18533.334	94.8755
18566.666	95.0494
18600	94.9806
18633.334	94.9174
18666.666	95.0363
18700	95.0044
18733.334	95.1007
18766.666	94.9644
18800	95.3496
18833.334	95.4165
18866.666	94.9124
18900	94.8993
18933.334	94.8843
18966.666	95.0388
19000	95.0356
19033.334	95.0638
19066.666	96.5397
19100	96.5122
19133.334	96.5535
19166.666	96.3815
19200	97.2508
19233.334	97.2333
19266.666	97.2946
19300	97.2351
19333.334	97.2896
19366.666	97.2983
19400	97.6367
19433.334	97.1094
19466.666	97.3408
19500	97.3508
19533.334	97.3346
19566.666	97.344
19600	97.5184
19633.334	97.5597
19666.666	97.6335
19700	98.4872
19733.334	98.9174
19766.666	98.9024
19800	98.8774
19833.334	98.813
19866.666	98.833
19900	98.8568
19933.334	98.8649
19966.666	98.8818
20000	98.8981
20033.334	99.8949
20066.666	99.8286
20100	99.419
20133.334	100.1557
20166.666	100.127
20200	100.1013
20233.334	100.0394
20266.666	100.0644
20300	100.0194
20333.334	100.0444
20366.666	99.3227
20400	99.2795
20433.334	99.4859
20466.666	99.5491
20500	99.5691
20533.334	99.5372
20566.666	99.4997
20600	99.3296
20633.334	99.2864
20666.666	99.2764
20700	100.2051
20733.334	100.2001
20766.666	100.2871
20800	99.9806
20833.334	100.3096
20866.666	100.2814
20900	100.2714
20933.334	100.2345
20966.666	100.4734
21000	100.479
21033.334	102.8018
21066.666	102.5241
21100	103.5191
21133.334	103.474
21166.666	103.4959
21200	103.4622
21233.334	103.4922
21266.666	103.4628
21300	103.479
21333.334	103.4753
21366.666	102.3765
21400	102.8643
21433.334	102.9093
21466.666	102.9056
21500	102.9149
21533.334	102.9431
21566.666	102.9619
21600	102.9281
21633.334	102.9612
21666.666	102.99
21700	101.2395
21733.334	101.0238
21766.666	132.1908
21800	429.3965
21833.334	350.1807
21866.666	205.8893
21900	148.0444
21933.334	135.2689
21966.666	128.6629
22000	122.1044
22033.334	107.2971
22066.666	107.5141
22100	107.5272
22133.334	107.5278
22166.666	107.5353
22200	107.3921
22233.334	107.6291
22266.666	107.6842
22300	108.0775
22333.334	107.9837
22366.666	100.3265
22400	100.2795
22433.334	100.2545
22466.666	100.1295
22500	100.324
22533.334	100.3164
22566.666	100.2914
22600	100.2727
22633.334	100.2652
22666.666	100.3846
22700	102.4597
22733.334	102.3702
22766.666	102.6879
22800	102.8093
22833.334	102.7824
22866.666	102.7699
22900	102.7548
22933.334	102.7905
22966.666	102.818
23000	102.8243
23033.334	104.0125
23066.666	104.0188
23100	104.0275
23133.334	104.0319
23166.666	103.9919
23200	103.7749
23233.334	103.8168
23266.666	103.8418
23300	103.8499
23333.334	103.8805
23366.666	104.2664
23400	104.1026
23433.334	103.9568
23466.666	104.2702
23500	104.2051
23533.334	104.132
23566.666	104.0963
23600	104.2114
23633.334	104.3064
23666.666	104.2983
23700	103.5047
23733.334	103.8143
23766.666	103.8111
23800	103.823
23833.334	103.843
23866.666	103.8437
23900	103.858
23933.334	103.8743
23966.666	103.9143
24000	104.4003
24033.334	103.2533
24066.666	103.2833
24100	103.2745
24133.334	102.9581
24166.666	103.217
24200	103.2283
24233.334	103.1801
24266.666	103.1914
24300	103.2414
24333.334	103.2752
24366.666	106.339
24400	106.3265
24433.334	106.8068
24466.666	106.7317
24500	106.6861
24533.334	106.6898
24566.666	106.7129
24600	106.7486
24633.334	106.9043
24666.666	106.945
24700	105.0832
24733.334	105.2126
24766.666	105.2183
24800	104.9737
24833.334	105.197
24866.666	105.2339
24900	105.202
24933.334	105.212
24966.666	105.7054
25000	105.5885
25033.334	106.9043
25066.666	106.6998
25100	106.1889
25133.334	106.7173
25166.666	106.7305
25200	106.7036
25233.334	106.6823
25266.666	106.7061
25300	106.7461
25333.334	106.7561
25366.666	107.2376
25400	107.6936
25433.334	107.6892
25466.666	107.4834
25500	107.4278
25533.334	107.4966
25566.666	107.4203
25600	107.4203
25633.334	107.4447
25666.666	107.4434
25700	107.1232
25733.334	107.0832
25766.666	106.4021
25800	106.8318
25833.334	106.833
25866.666	106.7842
25900	106.8224
25933.334	107.2145
25966.666	107.162
26000	107.2333
26033.334	106.5047
26066.666	106.6911
26100	107.0694
26133.334	107.1007
26166.666	107.0269
26200	106.9625
26233.334	106.9168
26266.666	106.9237
26300	106.9249
26333.334	106.833
26366.666	112.2821
26400	112.202
26433.334	112.1563
26466.666	111.5973
26500	111.945
26533.334	111.9362
26566.666	111.9212
26600	111.94
26633.334	111.9769
26666.666	112.0394
26700	108.3734
26733.334	108.3327
26766.666	108.6754
26800	108.7011
26833.334	108.6642
26866.666	108.5829
26900	109.137
26933.334	109.1826
26966.666	109.237
27000	109.2502
27033.334	108.4428
27066.666	108.2051
27100	108.2126
27133.334	108.1395
27166.666	108.1626
27200	108.1144
27233.334	108.1313
27266.666	108.1451
27300	108.2089
27333.334	108.2058
27366.666	110.3652
27400	110.3021
27433.334	109.9669
27466.666	110.3189
27500	110.2927
27533.334	110.1338
27566.666	110.1701
27600	110.1707
27633.334	110.2483
27666.666	110.2489
27700	114.833
27733.334	115.2095
27766.666	115.2952
27800	115.2358
27833.334	114.0313
27866.666	113.6811
27900	112.0976
27933.334	112.4209
27966.666	112.4503
28000	112.5041
28033.334	112.9087
28066.666	112.9412
28100	112.8136
28133.334	113.2677
28166.666	113.5378
28200	113.5022
28233.334	114.2871
28266.666	114.3727
28300	114.479
28333.334	116.9975
28366.666	116.9981
28400	117.4246
28433.334	117.4128
28466.666	117.3909
28500	117.3652
28533.334	117.3659
28566.666	117.3734
28600	117.4891
28633.334	117.7542
28666.666	116.4572
28700	116.4153
28733.334	116.4071
28766.666	116.0982
28800	116.9468
28833.334	116.94
28866.666	116.9568
28900	116.9531
28933.334	117.1151
28966.666	117.132
29000	119.1326
29033.334	118.9037
29066.666	118.6479
29100	118.9068
29133.334	118.935
29166.666	118.9012
29200	118.9049
29233.334	119.2427
29266.666	119.2733
29300	119.4509
29333.334	117.207
29366.666	117.7567
29400	118.0444
29433.334	118.0425
29466.666	118.1638
29500	118.0976
29533.334	118.5147
29566.666	118.6329
29600	118.6685
29633.334	118.6704
29666.666	122.1451
29700	121.9074
29733.334	121.6285
29766.666	122.4096
29800	122.4209
29833.334	122.3521
29866.666	122.4015
29900	122.4572
29933.334	122.4296
29966.666	122.4378
30000	121.636
30033.334	121.6204
30066.666	121.9606
30100	121.9862
30133.334	121.9056
30166.666	121.9131
30200	121.8824
30233.334	121.9356
30266.666	121.6685
30300	121.7361
30333.334	122.4978
30366.666	122.2176
30400	122.2301
30433.334	121.8005
30466.666	122.1689
30500	122.197
30533.334	122.1457
30566.666	122.1282
30600	122.4021
30633.334	122.4997
30666.666	122.1351
30700	122.0663
30733.334	122.8349
30766.666	122.8462
30800	122.8462
30833.334	122.8593
30866.666	122.8737
30900	122.8468
30933.334	122.8386
30966.666	122.8305
31000	122.8987
31033.334	122.8124
31066.666	122.8124
31100	122.7323
31133.334	122.738
31166.666	122.7367
31200	123.6579
31233.334	123.0813
31266.666	123.1501
31300	122.9762
31333.334	126.8343
31366.666	126.7755
31400	126.1088
31433.334	126.3734
31466.666	126.4065
31500	126.0782
31533.334	126.1201
31566.666	126.1789
31600	126.1995
31633.334	126.5503
31666.666	125.6429
31700	125.4991
31733.334	164.9587
31766.666	430.0669
31800	354.3446
31833.334	210.3027
31866.666	157.9181
31900	147.4128
31933.334	141.843
31966.666	138.5172
32000	126.8343
32033.334	126.7842
32066.666	126.7048
32100	126.2708
32133.334	126.621
32166.666	126.7111
32200	127.5028
32233.334	127.6316
32266.666	127.5797
32300	129.6835
32333.334	126.748
32366.666	127.0563
32400	127.1676
32433.334	127.1307
32466.666	126.9287
32500	125.2745
32533.334	125.1926
32566.666	125.147
32600	125.3271
32633.334	125.1057
32666.666	125.7492
32700	126.1019
32733.334	125.7699
32766.666	125.5572
32800	125.5879
32833.332	125.5704
32866.668	125.5428
32900	125.3978
32933.332	125.4103
32966.668	125.1438
33000	133.4834
33033.332	129.561
33066.668	129.5991
33100	130.4778
33133.332	130.2708
33166.668	130.1745
33200	129.9112
33233.332	130.3427
33266.668	130.257
33300	130.2502
33333.332	128.3859
33366.668	128.4084
33400	128.4984
33433.332	128.4128
33466.668	128.464
33500	128.4822
33533.332	128.5222
33566.668	128.4803
33600	128.6004
33633.332	129.4115
33666.668	128.5972
33700	128.4209
33733.332	128.1457
33766.668	127.3859
33800	129.3064
33833.332	128.075
33866.668	128.2264
33900	134.4984
33933.332	132.2664
33966.668	132.0288
34000	129.9162
34033.332	129.7298
34066.668	130.2214
34100	130.4296
34133.332	130.344
34166.668	130.3577
34200	130.2877
34233.332	130.429
34266.668	130.6973
34300	130.7048
34333.332	129.8662
34366.668	129.7286
34400	129.7355
34433.332	129.3315
34466.668	129.6954
34500	129.5416
34533.332	129.8318
34566.668	129.7717
34600	130.1632
34633.332	130.1851
34666.668	129.0775
34700	129.1138
34733.332	128.7355
34766.668	128.8499
34800	128.843
34833.332	128.8186
34866.668	128.8286
34900	128.8837
34933.332	128.8887
34966.668	130.4565
35000	130.8311
35033.332	130.8149
35066.668	130.7342
35100	130.7423
35133.332	130.7348
35166.668	130.7817
35200	130.7373
35233.332	130.8268
35266.668	130.8205
35300	133.6785
35333.332	133.6423
35366.668	133.1707
35400	133.5203
35433.332	133.5391
35466.668	135.738
35500	133.4321
35533.332	133.8418
35566.668	133.813
35600	133.5747
35633.332	130.5641
35666.668	130.444
35700	130.5891
35733.332	130.571
35766.668	130.4878
35800	130.5159
35833.332	130.1326
35866.668	130.1126
35900	130.142
35933.332	130.2508
35966.668	132.1751
36000	132.0994
36033.332	132.1395
36066.668	131.8868
36100	132.1801
36133.332	132.1514
36166.668	132.1332
36200	132.1532
36233.332	132.7943
36266.668	131.8562
36300	136.0969
36333.332	135.9912
36366.668	136.3264
36400	136.2064
36433.332	136.2089
36466.668	136.2014
36500	136.3771
36533.332	136.2433
36566.668	136.2808
36600	136.2683
36633.332	133.9037
36666.668	134.2439
36700	134.3577
36733.332	134.3327
36766.668	134.3533
36800	134.3634
36833.332	134.3821
36866.668	134.3634
36900	134.3859
36933.332	134.3996
36966.668	134.753
37000	134.5935
37033.332	134.3383
37066.668	134.6642
37100	134.8999
37133.332	134.8987
37166.668	134.8155
37200	134.8705
37233.332	134.97
37266.668	134.97
37300	135.2714
37333.332	135.7004
37366.668	135.7348
37400	135.7011
37433.332	135.7461
37466.668	135.96
37500	135.9619
37533.332	135.95
37566.668	135.9537
37600	136.0269
37633.332	134.7742
37666.668	134.7273
37700	134.7373
37733.332	134.4765
37766.668	134.8255
37800	134.8143
37833.332	134.7386
37866.668	134.7173
37900	134.8724
37933.332	134.9243
37966.668	135.1563
38000	135.2383
38033.332	135.4209
38066.668	135.4847
38100	135.157
38133.332	135.1445
38166.668	135.1807
38200	135.0782
38233.332	135.0938
38266.668	135.1714
38300	133.7655
38333.332	133.6923
38366.668	133.7461
38400	133.4722
38433.332	133.8512
38466.668	133.828
38500	133.8412
38533.332	133.8343
38566.668	133.8612
38600	133.8612
38633.332	134.4878
38666.668	134.3634
38700	134.1113
38733.332	134.3233
38766.668	134.3183
38800	134.4065
38833.332	134.4178
38866.668	134.5022
38900	134.5328
38933.332	134.5303
38966.668	137.3546
39000	137.8505
39033.332	137.848
39066.668	137.8318
39100	137.7761
39133.332	137.8036
39166.668	137.8499
39200	137.8249
39233.332	137.8693
39266.668	137.8968
39300	138.4684
39333.332	138.5022
39366.668	138.227
39400	138.8505
39433.332	138.8787
39466.668	138.8849
39500	138.8305
39533.332	138.8418
39566.668	138.7517
39600	138.8618
39633.332	137.5041
39666.668	137.4103
39700	137.5954
39733.332	137.4665
39766.668	137.3952
39800	137.3896
39833.332	137.4271
39866.668	137.5566
39900	137.5566
39933.332	137.5654
39966.668	140.5585
40000	140.4484
40033.332	140.3615
40066.668	140.1595
40100	140.4371
40133.332	140.4365
40166.668	140.3996
40200	140.4378
40233.332	140.2408
40266.668	140.2677
40300	138.9925
40333.332	139.0694
40366.668	139.4622
40400	139.2595
40433.332	139.192
40466.668	139.1832
40500	139.1914
40533.332	139.1607
40566.668	139.0619
40600	139.0644
40633.332	137.3515
40666.668	137.444
40700	137.4728
40733.332	137.4422
40766.668	137.4947
40800	137.434
40833.332	137.4891
40866.668	137.459
40900	137.4991
40933.332	137.6504
40966.668	138.7411
41000	138.6041
41033.332	138.2639
41066.668	138.5153
41100	138.7079
41133.332	138.5178
41166.668	138.8067
41200	151.1019
41233.332	146.389
41266.668	140.6861
41300	149.9631
41333.332	148.4309
41366.668	148.3596
41400	148.3014
41433.332	147.7536
41466.668	147.626
41500	147.8468
41533.332	147.8236
41566.668	147.6073
41600	147.6148
41633.332	146.666
41666.668	145.2602
41700	170.8849
41733.332	406.5435
41766.668	355.1563
41800	196.6323
41833.332	185.3584
41866.668	154.6823
41900	153.0225
41933.332	151.4115
41966.668	144.0494
42000	144.0213
42033.332	144.4703
42066.668	150.9481
42100	151.3302
42133.332	148.9812
42166.668	148.4897
42200	147.7617
42233.332	147.384
42266.668	146.763
42300	142.6485
42333.332	142.5804
42366.668	142.5585
42400	142.5797
42433.332	142.5128
42466.668	146.9737
42500	144.8468
42533.332	143.6185
42566.668	143.0575
42600	143.6035
42633.332	147.8974
42666.668	144.5791
42700	146.4146
42733.332	146.252
42766.668	147.1563
42800	146.925
42833.332	147.172
42866.668	147.1851
42900	146.9387
42933.332	142.9975
42966.668	143.3358
43000	143.3821
43033.332	143.3927
43066.668	143.3446
43100	143.3577
43133.332	143.3884
43166.668	143.2639
43200	143.1945
43233.332	143.2933
43266.668	145.3696
43300	145.4772
43333.332	145.7054
43366.668	145.384
43400	145.7155
43433.332	145.793
43466.668	145.7974
43500	147.4903
43533.332	156.0507
43566.668	150.1776
43600	151.7086
43633.332	147.8336
43666.668	148.8268
43700	157.4759
43733.332	155.783
43766.668	149.8011
43800	149.5378
43833.332	149.5328
43866.668	149.4159
43900	149.374
43933.332	146.319
43966.668	146.3477
44000	146.3383
44033.332	146.0851
44066.668	146.3308
44100	146.3571
44133.332	146.3139
44166.668	146.3365
44200	146.4378
44233.332	146.4271
44266.668	144.4628
44300	144.5153
44333.332	144.2814
44366.668	144.4778
44400	144.4772
44433.332	144.4209
44466.668	144.4934
44500	144.474
44533.332	144.5159
44566.668	144.4978
44600	145.6204
44633.332	146.0025
44666.668	146.0125
44700	145.9975
44733.332	145.9568
44766.668	146.1013
44800	145.9775
44833.332	145.9537
44866.668	145.7148
44900	145.7086
44933.332	147.5578
44966.668	161.7536
45000	147.454
45033.332	147.8387
45066.668	148.1463
45100	148.0056
45133.332	147.995
45166.668	147.8981
45200	147.5835
45233.332	147.9293
45266.668	147.3702
45300	147.3077
45333.332	147.743
45366.668	147.676
45400	147.6022
45433.332	147.4478
45466.668	147.4134
45500	147.4403
45533.332	147.4503
45566.668	147.4916
45600	147.2577
45633.332	147.2558
45666.668	147.2833
45700	147.1613
45733.332	147.3089
45766.668	147.2845
45800	147.2401
45833.332	147.2352
45866.668	147.3746
45900	147.4321
45933.332	148.4816
45966.668	148.4753
46000	148.6304
46033.332	148.6223
46066.668	148.5754
46100	148.6598
46133.332	148.8587
46166.668	148.9387
46200	148.9744
46233.332	148.9762
46266.668	147.2633
46300	147.1908
46333.332	147.3014
46366.668	147.2139
46400	147.1945
46433.332	147.2614
46466.668	147.3064
46500	147.267
46533.332	147.3183
46566.668	147.4021
46600	150.0963
46633.332	150.0657
46666.668	149.5691
46700	149.9406
46733.332	149.9475
46766.668	150.1157
46800	150.152
46833.332	150.2695
46866.668	150.2808
46900	150.3909
46933.332	150.5003
46966.668	151.06
47000	150.9706
47033.332	150.8812
47066.668	150.8462
47100	151.1976
47133.332	151.3615
47166.668	151.3846
47200	151.3859
47233.332	151.3821
47266.668	150.1182
47300	150.03
47333.332	150.0381
47366.668	149.6673
47400	150.1101
47433.332	150.1151
47466.668	150.0607
47500	150.0594
47533.332	150.0413
47566.668	150.152
47600	150.172
47633.332	149.9937
47666.668	150.2777
47700	150.2783
47733.332	150.3052
47766.668	150.3777
47800	150.3508
47833.332	150.3171
47866.668	150.3096
47900	150.3052
47933.332	150.5366
47966.668	150.4553
48000	150.4472
48033.332	150.0069
48066.668	150.7173
48100	150.6385
48133.332	150.681
48166.668	150.6979
48200	150.7755
48233.332	150.7023
48266.668	149.5285
48300	149.4146
48333.332	149.192
48366.668	149.7011
48400	149.6979
48433.332	149.3183
48466.668	149.2001
48500	149.3096
48533.332	149.3759
48566.668	149.3708
48600	150.7792
48633.332	150.8599
48666.668	150.9406
48700	150.8587
48733.332	150.873
48766.668	150.7717
48800	150.7455
48833.332	150.7905
48866.668	150.7886
48900	150.8186
48933.332	153.0988
48966.668	153.0131
49000	152.6248
49033.332	153.1814
49066.668	152.9831
49100	153.0613
49133.332	152.9518
49166.668	152.9375
49200	152.9493
49233.332	152.9744
49266.668	152.2914
49300	152.2739
49333.332	152.5028
49366.668	152.5016
49400	152.4184
49433.332	152.4128
49466.668	152.4559
49500	152.4228
49533.332	152.6504
49566.668	153.9256
49600	153.8837
49633.332	153.9669
49666.668	153.5791
49700	153.868
49733.332	153.8649
49766.668	154.015
49800	153.4953
49833.332	153.521
49866.668	153.6254
49900	151.4434
49933.332	151.3915
49966.668	152.0826
50000	152.0519
50033.332	152.065
50066.668	152.0031
50100	152.0569
50133.332	152.0625
50166.668	152.1576
50200	151.9237
50233.332	153.4953
50266.668	153.773
50300	153.8024
50333.332	153.7667
50366.668	153.4103
50400	148.5654
50433.332	147.3896
50466.668	147.3133
50500	148.7179
50533.332	148.7254
50566.668	148.6235
50600	148.6116
50633.332	148.6292
50666.668	148.3571
50700	148.3877
50733.332	148.3308
50766.668	148.1013
50800	147.9806
50833.332	148.0538
50866.668	148.4897
50900	148.4534
50933.332	148.4872
50966.668	148.4847
51000	148.5122
51033.332	148.5322
51066.668	148.5428
51100	148.556
51133.332	148.5516
51166.668	150.5228
51200	150.4434
51233.332	173.7586
51266.668	421.6023
51300	350.9975
51333.332	219.384
51366.668	184.676
51400	162.843
51433.332	160.9393
51466.668	157.8637
51500	150.7742
51533.332	151.0907
51566.668	151.3302
51600	151.3446
51633.332	151.945
51666.668	151.4953
51700	151.4371
51733.332	151.2508
51766.668	151.2095
51800	150.8399
51833.332	151.1839
51866.668	151.1676
51900	151.1707
51933.332	151.0725
51966.668	151.0863
52000	150.9994
52033.332	150.9769
52066.668	150.96
52100	151.0206
52133.332	151.0131
52166.668	150.531
52200	150.4753
52233.332	150.2051
52266.668	150.434
52300	150.4584
52333.332	150.3559
52366.668	150.364
52400	150.4409
52433.332	150.4959
52466.668	150.4941
52500	151.9994
52533.332	152.2764
52566.668	152.2595
52600	152.2327
52633.332	152.2633
52666.668	152.2158
52700	152.2295
52733.332	152.2683
52766.668	152.3071
52800	152.5491
52833.332	154.0031
52866.668	153.9243
52900	153.9087
52933.332	153.6048
52966.668	153.9437
53000	153.9437
53033.332	153.8899
53066.668	153.9024
53100	153.8849
53133.332	153.9143
53166.668	151.7936
53200	151.6736
53233.332	151.7767
53266.668	151.7592
53300	151.8143
53333.332	151.843
53366.668	151.8405
53400	151.8462
53433.332	151.9262
53466.668	151.9725
53500	151.4703
53533.332	151.419
53566.668	151.4572
53600	150.9969
53633.332	151.354
53666.668	151.3902
53700	151.3577
53733.332	151.3415
53766.668	151.5916
53800	151.6323
53833.332	152.7061
53866.668	152.611
53900	152.3246
53933.332	152.5904
53966.668	152.5891
54000	152.5641
54033.332	152.5754
54066.668	152.4991
54100	152.5841
54133.332	152.5804
54166.668	154.6873
54200	154.7974
54233.332	154.5535
54266.668	154.4778
54300	154.4634
54333.332	154.5134
54366.668	154.5466
54400	154.5253
54433.332	154.5335
54466.668	154.6523
54500	153.1194
54533.332	153.08
54566.668	152.743
54600	153.0594
54633.332	153.1176
54666.668	153.0763
54700	153.0913
54733.332	153.1032
54766.668	153.0838
54800	153.1638
54833.332	157.1101
54866.668	156.9556
54900	157.1495
54933.332	157.1626
54966.668	157.1169
55000	157.0869
55033.332	157.0582
55066.668	156.9856
55100	156.995
55133.332	157.0675
55166.668	157.3871
55200	157.2564
55233.332	157.2758
55266.668	156.9218
55300	157.2877
55333.332	157.2827
55366.668	157.2339
55400	157.3371
55433.332	157.3315
55466.668	157.3246
55500	154.4722
55533.332	154.3577
55566.668	154.5335
55600	154.5391
55633.332	154.5391
55666.668	154.5804
55700	154.6435
55733.332	154.6717
55766.668	154.7061
55800	154.7042
55833.332	157.3827
55866.668	157.5441
55900	157.5491
55933.332	157.4659
55966.668	157.5722
56000	157.5453
56033.332	157.5704
56066.668	157.5666
56100	157.5929
56133.332	156.8624
56166.668	156.6879
56200	156.454
56233.332	156.6792
56266.668	156.6642
56300	156.6223
56333.332	156.9387
56366.668	156.808
56400	156.8987
56433.332	156.8831
56466.668	154.4353
56500	154.5447
56533.332	154.5691
56566.668	154.4872
56600	154.5009
56633.332	154.8737
56666.668	154.7505
56700	154.7742
56733.332	154.7398
56766.668	154.8224
56800	154.0244
56833.332	153.8981
56866.668	153.9362
56900	153.828
56933.332	154.2896
56966.668	154.2814
57000	154.2007
57033.332	154.2226
57066.668	154.2595
57100	154.3333
57133.332	157.5528
57166.668	157.5516
57200	158.0619
57233.332	158.0782
57266.668	158.0025
57300	157.9769
57333.332	158.0044
57366.668	158.0475
57400	158.02
57433.332	158.0344
57466.668	158.6736
57500	158.6292
57533.332	158.6141
57566.668	158.3927
57600	158.9356
57633.332	158.873
57666.668	158.8311
57700	158.8143
57733.332	158.8505
57766.668	158.8543
57800	155.9493
57833.332	155.8612
57866.668	155.7761
57900	156.0438
57933.332	156.1638
57966.668	156.1151
58000	156.1538
58033.332	156.3471
58066.668	156.3684
58100	156.2458
58133.332	158.561
58166.668	158.6986
58200	158.6648
58233.332	158.6004
58266.668	158.5685
58300	158.5822
58333.332	158.6116
58366.668	158.6148
58400	158.6241
58433.332	158.6241
58466.668	159.743
58500	159.6754
58533.332	159.2845
58566.668	159.7367
58600	159.7292
58633.332	159.6873
58666.668	159.7986
58700	159.8412
58733.332	159.8362
58766.668	159.833
58800	158.6554
58833.332	158.6179
58866.668	158.798
58900	158.7767
58933.332	158.7555
58966.668	158.8061
59000	158.8562
59033.332	158.9018
59066.668	158.8362
59100	158.7398
59133.332	161.5022
59166.668	161.5854
59200	161.5603
59233.332	161.1238
59266.668	161.5497
59300	161.591
59333.332	161.4816
59366.668	161.561
59400	161.5679
59433.332	161.6179
59466.668	159.2064
59500	158.9543
59533.332	159.2996
59566.668	159.3827
59600	159.4128
59633.332	159.404
59666.668	159.449
59700	159.4259
59733.332	159.4553
59766.668	159.4528
59800	157.469
59833.332	157.6692
59866.668	157.6316
59900	157.5897
59933.332	157.5635
59966.668	157.6048
60000	157.6854
60033.332	157.7254
60066.668	157.9112
60100	158.1676
60133.332	159.0144
60166.668	159.0094
60200	158.536
60233.332	158.9024
60266.668	158.7298
60300	158.6792
60333.332	158.8224
60366.668	158.7261
60400	158.8931
60433.332	158.7461
60466.668	161.5747
60500	162.1908
60533.332	162.1795
60566.668	162.2026
60600	162.1726
60633.332	162.2026
60666.668	162.2133
60700	162.1889
60733.332	162.2151
60766.668	162.0069
60800	158.7655
60833.332	158.7749
60866.668	158.758
60900	158.6704
60933.332	158.9756
60966.668	159.0619
61000	158.9962
61033.332	159.0926
61066.668	159.1651
61100	159.3365
61133.332	158.4078
61166.668	158.379
