0	23.2108
33.3333	9.536
66.6667	10.6279
100	10.2883
133.3333	78.9712
166.6667	7.4784
200	1.5779
233.3333	1.0682
266.6667	52.5785
300	57.8806
333.3333	16.0944
366.6667	73.0188
400	7.257
433.3333	3.7411
466.6667	71.8949
500	7.5291
533.3333	2.177
566.6667	1.7699
600	1.9325
633.3333	0.7492
666.6667	0.6961
700	0.1764
733.3333	0.995
766.6667	0.1995
800	69.833
833.3333	1.1882
866.6667	7.3702
900	29.0413
933.3333	1.1582
966.6667	0.8824
1000	0.6735
1033.3334	1.0138
1066.6666	0.7836
1100	0.2846
1133.3334	67.6635
1166.6666	0.5866
1200	6.2201
1233.3334	1.8593
1266.6666	10.4622
1300	0.2208
1333.3334	6.3121
1366.6666	1.252
1400	0.9243
1433.3334	0.7267
1466.6666	65.7986
1500	1.0713
1533.3334	0.8674
1566.6666	10.2846
1600	11.01
1633.3334	0.5178
1666.6666	0.9719
1700	3.3452
1733.3334	2.9593
1766.6666	1.4153
1800	61.8005
1833.3334	0.6223
1866.6666	21.7836
1900	1.4572
1933.3334	0.9675
1966.6666	0.5297
2000	0.5497
2033.3334	0.3834
2066.6667	0.8468
2100	0.07692
2133.3333	64.8781
2166.6667	5.2745
2200	1.0663
2233.3333	0.6379
2266.6667	2.5109
2300	1.5347
2333.3333	0.4346
2366.6667	0.3502
2400	1.1276
2433.3333	0.4665
2466.6667	64.3965
2500	1.2001
2533.3333	5.7079
2566.6667	13.5685
2600	0.01188
2633.3333	0.3014
2666.6667	6.2064
2700	6.4002
2733.3333	0.8355
2766.6667	0.8987
2800	68.7761
2833.3333	16.4803
2866.6667	2.3621
2900	0.5729
2933.3333	0.631
2966.6667	0.3777
3000	0.2971
3033.3333	0.5253
3066.6667	0.242
3100	0.2545
3133.3333	69.2445
3166.6667	0.5191
3200	0.2195
3233.3333	7.4659
3266.6667	8.0926
3300	0.4897
3333.3333	0.7473
3366.6667	1.0594
3400	2.6066
3433.3333	0.9737
3466.6667	63.4397
3500	1.2908
3533.3333	8.1632
3566.6667	0.1107
3600	0.6116
3633.3333	1.1764
3666.6667	1.0669
3700	0.4847
3733.3333	0.3296
3766.6667	0.4703
3800	69.873
3833.3333	1.207
3866.6667	0.6685
3900	0.4334
3933.3333	0.7336
3966.6667	6.2264
4000	0.6141
4033.3333	0.7211
4066.6667	3.8412
4100	0.5178
4133.3335	66.8505
4166.6665	0.7042
4200	5.5203
4233.3335	6.0869
4266.6665	0.09131
4300	0.5122
4333.3335	1.0313
4366.6665	2.4478
4400	0.3246
4433.3335	0.1082
4466.6665	67.0075
4500	7.2664
4533.3335	0.127
4566.6665	0.8806
4600	1.0363
4633.3335	0.9756
4666.6665	0.2958
4700	0.566
4733.3335	0.4847
4766.6665	11.6754
4800	69.6936
4833.3335	0.7467
4866.6665	0.1914
4900	5.5585
4933.3335	5.9337
4966.6665	0.6141
5000	0.4872
5033.3335	0.9187
5066.6665	1.8712
5100	0.4422
5133.3335	68.7911
5166.6665	1.3727
5200	7.3365
5233.3335	0.7423
5266.6665	0.6135
5300	1.2889
5333.3335	1.878
5366.6665	0.4103
5400	0.1639
5433.3335	0.7423
5466.6665	67.8856
5500	0.5466
5533.3335	0.2445
5566.6665	5.9606
5600	5.9431
5633.3335	0.9525
5666.6665	1.0688
5700	12.3815
5733.3335	0.07942
5766.6665	67.3796
5800	1.2695
5833.3335	5.4903
5866.6665	6.3565
5900	0.6285
5933.3335	0.7386
5966.6665	0.8981
6000	1.8361
6033.3335	0.4409
6066.6665	0.1201
6100	67.5197
6133.3335	6.212
6166.6665	0.1876
6200	0.419
6233.3335	0.9112
6266.6665	1.1126
6300	0.2745
6333.3335	0.1889
6366.6665	1.0444
6400	0.08255
6433.3335	67.2433
6466.6665	0.541
6500	5.4828
6533.3335	5.9187
6566.6665	0.09881
6600	0.5641
6633.3335	0.9112
6666.6665	11.9287
6700	1.5804
6733.3335	0.6285
6766.6665	71.0888
6800	0.9131
6833.3335	5.9656
6866.6665	0.05879
6900	0.561
6933.3335	1.1513
6966.6665	1.3352
7000	0.3283
7033.3335	0.3977
7066.6665	70.6892
7100	0.1645
7133.3335	0.3609
7166.6665	5.6873
7200	5.9537
7233.3335	0.01251
7266.6665	0.3308
7300	0.8505
7333.3335	1.8355
7366.6665	0.7605
7400	66.4572
7433.3335	0.9149
7466.6665	6.0763
7500	0.1126
7533.3335	0.4384
7566.6665	0.9124
7600	11.763
7633.3335	1.3727
7666.6665	0.7023
7700	0.06629
7733.3335	66.9862
7766.6665	5.1126
7800	0.2289
7833.3335	0.5222
7866.6665	1.2702
7900	1.2283
7933.3335	0.4572
7966.6665	0.3959
8000	0.5647
8033.3335	0.09631
8066.6665	66.2808
8100	0.7548
8133.3335	5.5103
8166.6665	5.8693
8200	0.1682
8233.333	0.4747
8266.667	1.0713
8300	2.2364
8333.333	0.3258
8366.667	0.05879
8400	66.6223
8433.333	6.5816
8466.667	0.1801
8500	1.773
8533.333	0.9944
8566.667	11.8637
8600	0.843
8633.333	0.5128
8666.667	0.2383
8700	0.3133
8733.333	69.6204
8766.667	0.4159
8800	0.2964
8833.333	5.479
8866.667	6.728
8900	0.4159
8933.333	0.3114
8966.667	0.9168
9000	1.7117
9033.333	1.4128
9066.667	66.6786
9100	0.8718
9133.333	5.858
9166.667	0.232
9200	0.3064
9233.333	1.5297
9266.667	1.4196
9300	0.4115
9333.333	0.1645
9366.667	0.8305
9400	65.3496
9433.333	0.4103
9466.667	0.212
9500	5.5335
9533.333	12.5891
9566.667	0.6917
9600	0.1582
9633.333	0.1063
9666.667	0.3877
9700	0.002502
9733.333	66.2452
9766.667	0.4034
9800	5.3996
9833.333	4.8843
9866.667	0.1795
9900	0.5353
9933.333	2.5147
9966.667	3.4709
10000	0.3996
10033.333	0.4878
10066.667	65.2783
10100	6.5897
10133.333	0.9243
10166.667	0.5466
10200	1.0788
10233.333	1.0794
10266.667	0.2964
10300	0.3233
10333.333	0.551
10366.667	0.05003
10400	65.2846
10433.333	0.4722
10466.667	5.4534
10500	12.5772
10533.333	0.8924
10566.667	0.7855
10600	0.2664
10633.333	0.2339
10666.667	0.1895
10700	0.3909
10733.333	67.3027
10766.667	0.4578
10800	5.0475
10833.333	0.2402
10866.667	0.4246
10900	1.3646
10933.333	1.3802
10966.667	0.4096
11000	0.2808
11033.333	0.6016
11066.667	64.2001
11100	0.142
11133.333	0.3308
11166.667	5.4021
11200	5.8174
11233.333	0.1301
11266.667	0.4196
11300	1.4103
11333.333	2.3027
11366.667	0.4371
11400	61.4809
11433.333	1.0719
11466.667	13.0607
11500	0.6429
11533.333	0.5166
11566.667	0.1182
11600	0.2683
11633.333	0.1845
11666.667	0.06379
11700	0.003127
11733.333	66.0938
11766.667	2.3402
11800	82.6779
11833.333	382.9518
11866.667	148.2283
11900	197.1044
11933.333	116.8024
11966.667	34.6004
12000	12.4916
12033.333	10.5378
12066.667	81.4428
12100	0.5372
12133.333	3.9787
12166.667	4.2695
12200	0.1338
12233.333	0.2739
12266.667	1.2883
12300	1.3802
12333.333	0.7992
12366.667	72.5754
12400	13.1545
12433.333	0.3215
12466.667	0.2602
12500	0.09318
12533.333	0.2045
12566.667	0.1076
12600	0.5241
12633.333	0.1614
12666.667	0.1357
12700	68.1226
12733.333	0.1739
12766.667	0.2633
12800	4.3859
12833.333	6.1607
12866.667	0.06942
12900	0.5303
12933.333	0.7386
12966.667	1.6473
13000	0.4772
13033.333	61.7436
13066.667	1.065
13100	6.1907
13133.333	0.2108
13166.667	0.4309
13200	0.9137
13233.333	1.0213
13266.667	0.2758
13300	0.2108
13333.333	0.4228
13366.667	68.1263
13400	1.1513
13433.333	0.2833
13466.667	0.2108
13500	0.4434
13533.333	0.1639
13566.667	0.1295
13600	0.05128
13633.333	0.2708
13666.667	0.1238
13700	64.8049
13733.333	0.2789
13766.667	5.4909
13800	5.6542
13833.333	0.1338
13866.667	0.8837
13900	0.9969
13933.333	2.4128
13966.667	0.3602
14000	0.04003
14033.333	64.1957
14066.667	6.2264
14100	0.1907
14133.333	0.6366
14166.667	0.8662
14200	1.3821
14233.333	0.6273
14266.667	0.4284
14300	0.5804
14333.333	11.7129
14366.667	65.3671
14400	0.3871
14433.333	0.1457
14466.667	5.6135
14500	6.1182
14533.333	0.04128
14566.667	0.4084
14600	0.9537
14633.333	1.8568
14666.667	0.4171
14700	65.0632
14733.333	1.5228
14766.667	6.0738
14800	0.217
14833.333	0.4565
14866.667	0.9112
14900	1.1907
14933.333	0.3296
14966.667	0.5028
15000	0.571
15033.333	65.8455
15066.667	0.8906
15100	0.3646
15133.333	5.6423
15166.667	5.9506
15200	1.0413
15233.333	0.4822
15266.667	0.9462
15300	11.7836
15333.333	0.0813
15366.667	68.1188
15400	0.4897
15433.333	5.9525
15466.667	6.0294
15500	0.1964
15533.333	0.3365
15566.667	0.9293
15600	2.0857
15633.333	0.3809
15666.667	0.06692
15700	65.0294
15733.333	5.7461
15766.667	0.1407
15800	0.4434
15833.333	1.0038
15866.667	1.1814
15900	0.5428
15933.333	0.2026
15966.667	0.3996
16000	0.1226
16033.333	65.5228
16066.667	0.3771
16100	5.561
16133.333	6.1864
16166.667	0.08755
16200	0.531
16233.333	0.9956
16266.667	12.1801
16300	1.8055
16333.333	0.5353
16366.667	66.6685
16400	1.2233
16433.334	5.9656
16466.666	0.1676
16500	0.4703
16533.334	0.9762
16566.666	5.9987
16600	1.0019
16633.334	0.2145
16666.666	2.4528
16700	69.8011
16733.334	0.2583
16766.666	0.2946
16800	5.9756
16833.334	6.9556
16866.666	0.2058
16900	0.3352
16933.334	1.0088
16966.666	2.1645
17000	0.4059
17033.334	66.2264
17066.666	0.833
17100	6.0331
17133.334	0.1069
17166.666	0.5166
17200	0.9049
17233.334	11.8324
17266.666	2.5291
17300	0.4941
17333.334	0.4396
17366.666	66.4353
17400	5.2777
17433.334	0.2533
17466.666	0.6592
17500	1.3046
17533.334	1.2595
17566.666	0.4672
17600	0.379
17633.334	0.591
17666.666	1.6798
17700	66.9162
17733.334	0.399
17766.666	5.6673
17800	6.3315
17833.334	0.0788
17866.666	1.1488
17900	0.8637
17933.334	2.389
17966.666	0.3852
18000	0.8462
18033.334	65.6416
18066.666	6.5278
18100	0.3996
18133.334	0.4916
18166.666	1.0519
18200	11.8018
18233.334	0.9031
18266.666	0.1939
18300	0.1401
18333.334	0.4916
18366.666	68.005
18400	0.5672
18433.334	0.4215
18466.666	5.6723
18500	6.6266
18533.334	0.5303
18566.666	0.4453
18600	0.9362
18633.334	1.8987
18666.666	0.945
18700	66.5053
18733.334	1.0131
18766.666	6.1614
18800	0.1795
18833.334	0.9994
18866.666	0.9562
18900	0.808
18933.334	0.5222
18966.666	0.1895
19000	0.3859
19033.334	67.5034
19066.666	0.3202
19100	0.2902
19133.334	5.7955
19166.666	12.5741
19200	0.6304
19233.334	0.3014
19266.666	0.2645
19300	0.2958
19333.334	0.07505
19366.666	66.8524
19400	6.3421
19433.334	4.6279
19466.666	0.2314
19500	0.3952
19533.334	1.758
19566.666	3.419
19600	0.3677
19633.334	0.3377
19666.666	64.3734
19700	6.1576
19733.334	0.1689
19766.666	0.3064
19800	1.0188
19833.334	0.8355
19866.666	0.2251
19900	0.1907
19933.334	0.4359
19966.666	0.08005
20000	64.5153
20033.334	0.4941
20066.666	5.474
20100	12.329
20133.334	0.6241
20166.666	0.3258
20200	0.2508
20233.334	0.2727
20266.666	0.1776
20300	0.1851
20333.334	64.5203
20366.666	0.4597
20400	4.7567
20433.334	1.3352
20466.666	0.6692
20500	1.2176
20533.334	1.3471
20566.666	0.9543
20600	0.3959
20633.334	0.7742
20666.666	67.1714
20700	0.3752
20733.334	0.3671
20766.666	6.4503
20800	6.1088
20833.334	0.1357
20866.666	0.3727
20900	1.1226
20933.334	2.3827
20966.666	0.4672
21000	64.6992
21033.334	0.9881
21066.666	12.9037
21100	0.8305
21133.334	0.2208
21166.666	0.2039
21200	0.3227
21233.334	0.2058
21266.666	0.0763
21300	0.006254
21333.334	66.3246
21366.666	5.7236
21400	0.2351
21433.334	0.6191
21466.666	1.4165
21500	1.3927
21533.334	0.4428
21566.666	0.5241
21600	0.6173
21633.334	0.1213
21666.666	64.5347
21700	0.6585
21733.334	65.4709
21766.666	391.8299
21800	142.03
21833.334	201.207
21866.666	96.7792
21900	32.2014
21933.334	18.8349
21966.666	16.2133
22000	81.9619
22033.334	11.1689
22066.666	0.7186
22100	0.671
22133.334	0.2226
22166.666	0.5972
22200	1.0513
22233.334	1.0769
22266.666	0.5772
22300	0.5829
22333.334	73.6498
22366.666	0.2245
22400	0.2276
22433.334	4.5816
22466.666	6.172
22500	0.01876
22533.334	0.459
22566.666	1.0131
22600	1.9575
22633.334	0.7548
22666.666	65.8849
22700	1.2827
22733.334	6.2877
22766.666	0.3652
22800	0.5572
22833.334	1.0069
22866.666	0.9894
22900	0.4509
22933.334	0.3427
22966.666	0.4803
23000	67.8899
23033.334	1.0031
23066.666	0.2351
23100	0.1082
23133.334	0.4353
23166.666	0.5422
23200	0.2595
23233.334	0.1251
23266.666	0.187
23300	0.2208
23333.334	68.182
23366.666	0.5228
23400	5.7617
23433.334	6.2345
23466.666	0.1013
23500	0.4309
23533.334	1.1126
23566.666	1.8837
23600	0.5666
23633.334	0.1932
23666.666	65.6479
23700	6.0807
23733.334	0.1782
23766.666	0.6723
23800	0.8205
23833.334	0.8524
23866.666	0.262
23900	0.2376
23933.334	0.3565
23966.666	11.5191
24000	66.1438
24033.334	0.3052
24066.666	0.1576
24100	5.7774
24133.334	6.0613
24166.666	0.05003
24200	0.3896
24233.334	0.7755
24266.666	1.6861
24300	0.424
24333.334	66.2745
24366.666	1.1632
24400	5.8799
24433.334	0.2189
24466.666	0.4984
24500	0.9381
24533.334	0.7949
24566.666	0.242
24600	0.5547
24633.334	0.6198
24666.666	66.9225
24700	0.4096
24733.334	0.132
24766.666	5.6442
24800	6.2996
24833.334	0.1007
24866.666	0.3296
24900	1.172
24933.334	12.4396
24966.666	0.6848
25000	67.955
25033.334	0.9375
25066.666	5.5804
25100	6.0669
25133.334	0.1807
25166.666	0.3133
25200	1.0281
25233.334	1.8737
25266.666	0.3702
25300	0.0863
25333.334	62.1226
25366.666	6.5272
25400	0.222
25433.334	0.7899
25466.666	0.9437
25500	0.7655
25533.334	0.394
25566.666	0.2064
25600	0.4972
25633.334	0.06629
25666.666	66.6504
25700	0.454
25733.334	6.0519
25766.666	6.2483
25800	0.04753
25833.334	0.424
25866.666	0.8462
25900	11.9181
25933.334	1.8412
25966.666	0.3927
26000	64.5747
26033.334	2.2902
26066.666	5.9481
26100	0.3915
26133.334	0.5403
26166.666	0.9287
26200	1.2639
26233.334	0.1745
26266.666	0.1889
26300	0.5347
26333.334	65.2927
26366.666	1.0206
26400	0.3208
26433.334	5.9212
26466.666	6.3127
26500	0.06879
26533.334	0.2977
26566.666	0.9268
26600	1.9706
26633.334	0.5253
26666.666	64.04
26700	0.8812
26733.334	5.9912
26766.666	0.08818
26800	0.3233
26833.334	0.7905
26866.666	11.6973
26900	1.8881
26933.334	0.521
26966.666	0.1169
27000	63.7029
27033.334	5.2846
27066.666	0.3164
27100	0.4697
27133.334	1.3852
27166.666	1.5266
27200	0.2846
27233.334	0.379
27266.666	0.7242
27300	0.1207
27333.334	64.7573
27366.666	0.5772
27400	5.4234
27433.334	5.873
27466.666	0.1751
27500	0.5791
27533.334	0.7955
27566.666	2.0031
27600	0.4778
27633.334	0.137
27666.666	63.1795
27700	6.0913
27733.334	0.2283
27766.666	0.4259
27800	4.4015
27833.334	13.7111
27866.666	5.5635
27900	2.2908
27933.334	0.8774
27966.666	0.389
28000	68.1895
28033.334	0.5604
28066.666	5.9225
28100	6.2952
28133.334	1.2395
28166.666	0.3859
28200	2.8286
28233.334	1.783
28266.666	0.6579
28300	66.6423
28333.334	1.01
28366.666	6.2514
28400	0.2258
28433.334	0.4296
28466.666	0.935
28500	0.7699
28533.334	0.3577
28566.666	0.6435
28600	1.1795
28633.334	69.3233
28666.666	0.5535
28700	0.2908
28733.334	6.0463
28766.666	12.7461
28800	0.7974
28833.334	0.262
28866.666	0.1551
28900	0.6811
28933.334	1.0075
28966.666	67.1638
29000	0.8418
29033.334	4.1232
29066.666	4.8418
29100	0.1957
29133.334	0.5128
29166.666	1.3283
29200	4.7255
29233.334	0.3421
29266.666	0.758
29300	65.4884
29333.334	6.616
29366.666	1.0469
29400	1.2589
29433.334	1.3371
29466.666	0.8168
29500	0.9937
29533.334	1.9856
29566.666	0.4497
29600	0.1157
29633.334	66.0175
29666.666	0.6467
29700	5.9124
29733.334	12.9625
29766.666	0.3727
29800	0.6341
29833.334	0.1757
29866.666	0.4109
29900	0.1726
29933.334	0.02564
29966.666	65.2871
30000	0.8487
30033.334	5.0031
30066.666	0.1445
30100	0.6248
30133.334	1.2921
30166.666	1.2452
30200	0.4747
30233.334	1.9356
30266.666	0.6592
30300	65.2695
30333.334	0.6204
30366.666	0.1013
30400	6.0769
30433.334	6.4409
30466.666	0.1995
30500	0.4941
30533.334	0.9919
30566.666	3.1707
30600	0.5403
30633.334	62.0544
30666.666	1.0607
30700	13.1526
30733.334	0.8005
30766.666	0.2089
30800	0.1457
30833.334	0.4472
30866.666	0.4959
30900	0.217
30933.334	0.03315
30966.666	63.3665
31000	5.5885
31033.334	0.1401
31066.666	0.7617
31100	1.2514
31133.334	1.3533
31166.666	5.3865
31200	2.6091
31233.334	0.9218
31266.666	0.7555
31300	69.8118
31333.334	0.5866
31366.666	6.0063
31400	6.3671
31433.334	0.4697
31466.666	0.8949
31500	0.8612
31533.334	1.6823
31566.666	0.6123
31600	1.6654
31633.334	62.7123
31666.666	14.1501
31700	66.3677
31733.334	372.8068
31766.666	136.4703
31800	209.2139
31833.334	95.1889
31866.666	31.3921
31900	18.9468
31933.334	14.3427
31966.666	80.97
32000	0.848
32033.334	0.3546
32066.666	6.2051
32100	6.1013
32133.334	0.6604
32166.666	3.5885
32200	1.9099
32233.334	2.0419
32266.666	8.7492
32300	74.6079
32333.334	4.4947
32366.666	6.2927
32400	0.3746
32433.334	1.1301
32466.666	8.207
32500	2.0532
32533.334	0.8474
32566.666	0.9006
32600	1.5985
32633.334	68.4059
32666.666	2.3302
32700	3.8418
32733.334	2.8105
32766.666	1.4115
32800	0.4828
32833.332	0.1501
32866.668	0.6066
32900	0.2464
32933.332	1.8774
32966.668	70.7223
33000	12.6066
33033.332	7.5153
33066.668	7.5691
33100	1.6579
33133.332	2.06
33166.668	1.4703
33200	3.7749
33233.332	2.0644
33266.668	0.4271
33300	63.823
33333.332	7.0569
33366.668	0.2877
33400	0.4484
33433.332	1.2808
33466.668	0.9462
33500	0.2914
33533.332	0.2683
33566.668	1.5172
33600	12.4797
33633.332	65.9612
33666.668	2.6254
33700	5.1295
33733.332	12.3496
33766.668	12.4221
33800	4.8674
33833.332	3.2133
33866.668	18.177
33900	8.4947
33933.332	2.2089
33966.668	67.97
34000	1.1332
34033.332	6.3415
34066.668	0.8399
34100	1.2677
34133.332	1.1732
34166.668	1.152
34200	1.3871
34233.332	1.9356
34266.668	0.399
34300	63.9143
34333.332	0.4728
34366.668	0.2908
34400	5.7799
34433.332	6.2439
34466.668	0.818
34500	1.7799
34533.332	2.025
34566.668	12.1526
34600	0.08818
34633.332	67.1526
34666.668	0.7004
34700	5.7605
34733.332	6.9487
34766.668	0.1044
34800	1.5053
34833.332	1.8937
34866.668	0.9756
34900	0.03627
34933.332	63.6091
34966.668	6.8211
35000	0.05629
35033.332	0.616
35066.668	1.2214
35100	0.8931
35133.332	0.5034
35166.668	0.212
35200	0.4997
35233.332	0.06254
35266.668	65.92
35300	0.6129
35333.332	5.92
35366.668	5.7079
35400	0.09006
35433.332	18.6254
35466.668	8.9199
35500	14.1194
35533.332	2.5966
35566.668	1.3265
35600	66.1889
35633.332	0.9406
35666.668	6.1088
35700	0.06191
35733.332	1.1976
35766.668	1.0988
35800	2.0319
35833.332	0.3377
35866.668	0.207
35900	0.853
35933.332	65.3452
35966.668	0.3071
36000	0.1601
36033.332	5.666
36066.668	5.9931
36100	0.1726
36133.332	0.3496
36166.668	1.1607
36200	5.6829
36233.332	3.4447
36266.668	66.7473
36300	1.1376
36333.332	6.3852
36366.668	0.7179
36400	0.4328
36433.332	1.0394
36466.668	11.9994
36500	1.95
36533.332	0.4778
36566.668	0.03127
36600	69.0963
36633.332	5.1557
36666.668	0.4916
36700	0.6229
36733.332	1.2714
36766.668	1.277
36800	0.364
36833.332	0.3365
36866.668	0.6279
36900	0.1013
36933.332	64.0569
36966.668	0.5672
37000	5.6948
37033.332	6.1232
37066.668	0.6373
37100	0.6179
37133.332	1.0488
37166.668	1.9762
37200	0.6185
37233.332	0.0788
37266.668	62.1976
37300	6.3027
37333.332	0.197
37366.668	0.369
37400	1.0169
37433.332	12.2351
37466.668	0.7273
37500	0.2345
37533.332	0.2076
37566.668	0.3921
37600	65.6779
37633.332	0.4759
37666.668	0.1563
37700	5.6054
37733.332	5.9825
37766.668	0.4365
37800	0.4822
37833.332	1.0281
37866.668	2.0163
37900	0.7498
37933.332	65.3515
37966.668	1.2414
38000	6.5091
38033.332	0.3039
38066.668	0.9619
38100	0.9106
38133.332	0.9243
38166.668	0.5854
38200	0.9012
38233.332	0.4678
38266.668	66.0988
38300	0.3146
38333.332	0.2464
38366.668	5.8274
38400	13.2483
38433.332	0.6435
38466.668	0.1857
38500	0.1395
38533.332	0.277
38566.668	0.01626
38600	63.7386
38633.332	0.7261
38666.668	4.3233
38700	4.9087
38733.332	0.1488
38766.668	0.5472
38800	1.3371
38833.332	3.2314
38866.668	0.5985
38900	0.05629
38933.332	64.1363
38966.668	6.6423
39000	0.2389
39033.332	0.344
39066.668	0.9937
39100	0.8806
39133.332	0.2264
39166.668	0.1551
39200	0.5247
39233.332	0.08881
39266.668	66.1538
39300	0.3777
39333.332	5.6523
39366.668	12.945
39400	0.4534
39433.332	0.1276
39466.668	0.2108
39500	0.1751
39533.332	1.6923
39566.668	0.2064
39600	64.5522
39633.332	0.6154
39666.668	5.0056
39700	0.3877
39733.332	0.5503
39766.668	1.2714
39800	1.3408
39833.332	0.666
39866.668	0.3089
39900	0.5841
39933.332	66.4615
39966.668	0.3114
40000	0.3934
40033.332	5.5741
40066.668	6.2902
40100	0.01689
40133.332	0.5122
40166.668	0.9512
40200	3.4153
40233.332	0.551
40266.668	66.7661
40300	4.0256
40333.332	14.4103
40366.668	1.3546
40400	1.8874
40433.332	0.2201
40466.668	0.3521
40500	0.7986
40533.332	0.3352
40566.668	0.06879
40600	67.1488
40633.332	5.5835
40666.668	0.1939
40700	0.4271
40733.332	1.2958
40766.668	1.5303
40800	0.3865
40833.332	0.3502
40866.668	0.7154
40900	0.9894
40933.332	64.6129
40966.668	1.5716
41000	6.4315
41033.332	6.0175
41066.668	1.8487
41100	0.6442
41133.332	3.4284
41166.668	31.4396
41200	45.7974
41233.332	27.7667
41266.668	83.9675
41300	27.8274
41333.332	7.5047
41366.668	4.6323
41400	2.5378
41433.332	1.6348
41466.668	2.1732
41500	0.3396
41533.332	1.4134
41566.668	2.5341
41600	77.0638
41633.332	15.3946
41666.668	59.1757
41700	349.6773
41733.332	107.7161
41766.668	228.8505
41800	46.9074
41833.332	101.8856
41866.668	12.6729
41900	8.8868
41933.332	79.4184
41966.668	3.8555
42000	7.0844
42033.332	23.0344
42066.668	41.813
42100	36.0988
42133.332	14.2839
42166.668	4.7717
42200	2.843
42233.332	2.3734
42266.668	75.6542
42300	1.5316
42333.332	0.277
42366.668	0.5541
42400	0.3759
42433.332	13.7917
42466.668	14.0807
42500	9.7423
42533.332	4.541
42566.668	72.4171
42600	18.1476
42633.332	25.3346
42666.668	20.1382
42700	0.6892
42733.332	6.0163
42766.668	2.1451
42800	2.9024
42833.332	1.025
42866.668	0.5153
42900	71.651
42933.332	6.5522
42966.668	0.1426
43000	0.6811
43033.332	1.1839
43066.668	0.9475
43100	0.3846
43133.332	0.4409
43166.668	0.556
43200	11.8662
43233.332	65.9575
43266.668	0.4103
43300	1.1676
43333.332	5.6785
43366.668	5.6235
43400	0.364
43433.332	0.3271
43466.668	18.8562
43500	34.813
43533.332	40.4934
43566.668	86.7992
43600	24.5604
43633.332	17.7699
43666.668	40.6104
43700	47.4753
43733.332	16.4959
43766.668	2.2908
43800	2.015
43833.332	1.379
43866.668	0.8999
43900	72.5197
43933.332	0.4215
43966.668	0.2858
44000	5.7542
44033.332	6.2795
44066.668	0.1789
44100	0.3371
44133.332	1.0532
44166.668	13.4234
44200	0.1307
44233.332	61.9093
44266.668	0.5604
44300	5.8149
44333.332	6.344
44366.668	0.06066
44400	0.364
44433.332	0.8643
44466.668	2.8987
44500	0.4134
44533.332	0.1782
44566.668	61.1901
44600	5.5116
44633.332	0.2502
44666.668	0.6454
44700	1.2539
44733.332	1.5791
44766.668	0.5691
44800	0.339
44833.332	2.3752
44866.668	0.07755
44900	71.6266
44933.332	49.9831
44966.668	45.4916
45000	10.6848
45033.332	2.3952
45066.668	4.0482
45100	6.5285
45133.332	12.7373
45166.668	3.5391
45200	1.0138
45233.332	68.6717
45266.668	0.9518
45300	7.1382
45333.332	0.3008
45366.668	0.6116
45400	1.3565
45433.332	0.8299
45466.668	0.3396
45500	1.3383
45533.332	0.3552
45566.668	64.8968
45600	1.07
45633.332	0.3877
45666.668	5.6229
45700	6.1113
45733.332	0.1282
45766.668	0.4984
45800	1.0069
45833.332	1.9694
45866.668	0.8818
45900	63.3859
45933.332	0.8668
45966.668	6.3365
46000	0.2708
46033.332	0.3721
46066.668	1.9606
46100	12.1451
46133.332	1.6936
46166.668	0.7048
46200	0.02064
46233.332	65.8005
46266.668	5.5009
46300	0.3684
46333.332	0.4715
46366.668	1.2752
46400	1.2326
46433.332	0.3064
46466.668	0.2233
46500	1.6023
46533.332	0.4503
46566.668	63.7999
46600	0.3859
46633.332	6.2214
46666.668	6.394
46700	0.1032
46733.332	1.6291
46766.668	0.8493
46800	2.2226
46833.332	0.4891
46866.668	0.9106
46900	62.4922
46933.332	6.267
46966.668	0.3396
47000	0.8649
47033.332	1.2208
47066.668	12.439
47100	2.0763
47133.332	0.4159
47166.668	0.3089
47200	0.4603
47233.332	67.0863
47266.668	0.3533
47300	0.06692
47333.332	5.8768
47366.668	7.0444
47400	0.03127
47433.332	0.4447
47466.668	1.0106
47500	1.8268
47533.332	1.5278
47566.668	65.1382
47600	3.1063
47633.332	6.1926
47666.668	0.04065
47700	1.359
47733.332	0.9919
47766.668	1.0125
47800	1.0744
47833.332	0.1701
47866.668	0.5972
47900	66.7267
47933.332	0.2964
47966.668	0.212
48000	5.8487
48033.332	13.9925
48066.668	0.6542
48100	0.2402
48133.332	1.3202
48166.668	0.4265
48200	0.3621
48233.332	65.424
48266.668	0.5654
48300	5.127
48333.332	5.566
48366.668	0.2383
48400	1.9093
48433.332	1.3477
48466.668	3.8593
48500	1.3508
48533.332	0.1001
48566.668	64.0488
48600	6.2758
48633.332	0.3008
48666.668	0.6123
48700	1.0138
48733.332	1.0432
48766.668	0.8618
48800	0.4403
48833.332	0.6385
48866.668	0.1013
48900	65.1932
48933.332	0.4296
48966.668	5.8693
49000	12.8418
49033.332	0.8011
49066.668	0.4246
49100	0.3233
49133.332	0.2308
49166.668	1.005
49200	0.06629
49233.332	62.364
49266.668	0.7717
49300	4.848
49333.332	0.2214
49366.668	1.1739
49400	1.2689
49433.332	2.2846
49466.668	0.3696
49500	1.6135
49533.332	64.636
49566.668	0.2595
49600	0.9362
49633.332	5.5747
49666.668	6.1664
49700	0.05816
49733.332	0.6817
49766.668	2.1995
49800	1.9806
49833.332	0.661
49866.668	64.8549
49900	1.1839
49933.332	13.2039
49966.668	1.2201
50000	0.4959
50033.332	0.5722
50066.668	0.5166
50100	0.9887
50133.332	0.3777
50166.668	0.7517
50200	64.4547
50233.332	5.4196
50266.668	0.8024
50300	0.4559
50333.332	2.454
50366.668	67.3365
50400	6.773
50433.332	1.0194
50466.668	64.7305
50500	0.3089
50533.332	3.868
50566.668	4.4984
50600	0.1463
50633.332	1.6842
50666.668	0.4359
50700	0.7461
50733.332	0.7348
50766.668	0.95
50800	65.4615
50833.332	13.0388
50866.668	1.182
50900	0.2814
50933.332	0.1201
50966.668	0.1038
51000	0.1426
51033.332	0.8937
51066.668	0.1682
51100	0.137
51133.332	63.9387
51166.668	0.4346
51200	60.5572
51233.332	368.2827
51266.668	133.5916
51300	190.5166
51333.332	77.4522
51366.668	71.8981
51400	12.9256
51433.332	13.9225
51466.668	77.3896
51500	3.551
51533.332	5.2502
51566.668	1.9518
51600	1.7511
51633.332	1.5378
51666.668	0.9987
51700	1.3959
51733.332	0.9156
51766.668	1.369
51800	73.1144
51833.332	1.0957
51866.668	0.3471
51900	0.3721
51933.332	0.4978
51966.668	0.247
52000	0.1463
52033.332	0.09443
52066.668	0.2545
52100	0.04878
52133.332	62.2921
52166.668	0.4234
52200	5.247
52233.332	4.8018
52266.668	0.1582
52300	0.469
52333.332	1.2176
52366.668	3.0838
52400	0.4665
52433.332	0.08693
52466.668	63.2577
52500	6.1094
52533.332	0.1407
52566.668	0.4697
52600	0.8624
52633.332	0.8418
52666.668	0.2939
52700	0.2339
52733.332	0.344
52766.668	11.7555
52800	62.1407
52833.332	0.7555
52866.668	0.1695
52900	5.6023
52933.332	6.0663
52966.668	0.04878
53000	0.3702
53033.332	0.9243
53066.668	1.8662
53100	0.4396
53133.332	61.5041
53166.668	0.9031
53200	5.9018
53233.332	0.1026
53266.668	0.5854
53300	0.8305
53333.332	0.798
53366.668	0.3659
53400	0.4015
53433.332	0.3565
53466.668	63.3052
53500	0.3202
53533.332	0.3308
53566.668	5.7136
53600	6.0519
53633.332	0.1989
53666.668	0.3752
53700	0.8718
53733.332	12.1201
53766.668	0.1907
53800	64.7473
53833.332	0.8893
53866.668	5.6485
53900	5.9368
53933.332	0.1363
53966.668	0.4553
54000	1.1345
54033.332	2.0863
54066.668	0.5016
54100	0.03502
54133.332	64.1782
54166.668	4.9456
54200	0.6304
54233.332	0.526
54266.668	1.2126
54300	1.2545
54333.332	0.3846
54366.668	0.2489
54400	0.5159
54433.332	0.2677
54466.668	64.0757
54500	0.272
54533.332	5.5991
54566.668	6.0988
54600	0.3383
54633.332	0.4015
54666.668	0.9356
54700	12.1069
54733.332	1.5178
54766.668	0.5716
54800	64.5879
54833.332	0.8962
54866.668	4.4603
54900	0.3171
54933.332	0.5159
54966.668	1.2996
55000	1.3458
55033.332	0.6241
55066.668	0.4309
55100	0.5629
55133.332	63.379
55166.668	0.4084
55200	0.1194
55233.332	5.7448
55266.668	6.2083
55300	0.06254
55333.332	0.3915
55366.668	1.1989
55400	1.8831
55433.332	0.5184
55466.668	58.611
55500	0.9337
55533.332	5.9781
55566.668	0.03189
55600	0.4328
55633.332	0.8293
55666.668	12.0419
55700	1.9593
55733.332	0.6548
55766.668	0.09068
55800	60.1957
55833.332	5.207
55866.668	0.1689
55900	0.8136
55933.332	1.601
55966.668	1.2226
56000	0.3252
56033.332	0.2602
56066.668	0.5403
56100	62.2614
56133.332	0.526
56166.668	5.5497
56200	5.6998
56233.332	0.09256
56266.668	0.3196
56300	1.3421
56333.332	2.2008
56366.668	0.4509
56400	0.09819
56433.332	66.0338
56466.668	4.9925
56500	0.1907
56533.332	0.566
56566.668	1.2533
56600	12.3377
56633.332	0.8687
56666.668	0.3265
56700	0.1707
56733.332	0.464
56766.668	63.1194
56800	0.3877
56833.332	0.4809
56866.668	6.0557
56900	6.2652
56933.332	0.1245
56966.668	0.3521
57000	0.7824
57033.332	1.5541
57066.668	0.5904
57100	61.7198
57133.332	1.0094
57166.668	6.1313
57200	0.2064
57233.332	0.3446
57266.668	0.9412
57300	1.0519
57333.332	0.272
57366.668	0.2026
57400	0.2883
57433.332	63.8462
57466.668	0.2395
57500	0.1113
57533.332	5.7211
57566.668	13.0607
57600	0.459
57633.332	0.2145
57666.668	0.1119
57700	0.1551
57733.332	0.03002
57766.668	61.4628
57800	0.3046
57833.332	3.8874
57866.668	4.4678
57900	0.4015
57933.332	0.4003
57966.668	1.4146
58000	3.3002
58033.332	0.329
58066.668	0.2852
58100	59.0732
58133.332	4.8305
58166.668	0.4365
58200	0.5059
58233.332	1.3189
58266.668	1.2808
58300	0.3896
58333.332	0.3321
58366.668	0.5572
58400	0.1338
58433.332	62.9975
58466.668	0.3114
58500	5.6892
58533.332	12.5597
58566.668	0.3052
58600	0.1395
58633.332	0.1651
58666.668	0.2151
58700	0.03127
58733.332	0.1607
58766.668	61.1989
58800	0.5904
58833.332	4.9706
58866.668	0.2802
58900	0.6617
58933.332	1.1601
58966.668	1.3571
59000	0.3871
59033.332	0.3921
59066.668	0.9844
59100	62.4271
59133.332	0.3671
59166.668	0.354
59200	5.8862
59233.332	6.252
59266.668	0.2889
59300	0.5059
59333.332	0.8862
59366.668	1.6929
59400	0.364
59433.332	61.2145
59466.668	1.6154
59500	12.7205
59533.332	0.9174
59566.668	0.2639
59600	0.1726
59633.332	0.334
59666.668	0.1132
59700	0.1007
59733.332	0.01251
59766.668	60.2301
59800	5.5635
59833.332	0.1388
59866.668	0.4472
59900	1.2145
59933.332	1.5547
59966.668	0.5922
60000	0.6629
60033.332	0.8587
60066.668	2.3352
60100	64.7367
60133.332	0.2789
60166.668	5.9656
60200	10.0425
60233.332	0.6717
60266.668	0.581
60300	2.127
60333.332	2.2627
60366.668	1.5829
60400	0.4121
60433.332	60.0582
60466.668	12.93
60500	0.8931
60533.332	0.2933
60566.668	0.1739
60600	0.5453
60633.332	0.1932
60666.668	0.1057
60700	0.3152
60733.332	0.5785
60766.668	63.6954
60800	0.3246
60833.332	0.3158
60866.668	4.2702
60900	5.9099
60933.332	0.2264
60966.668	0.2858
61000	0.8793
61033.332	1.8424
61066.668	0.5091
61100	60.3671
61133.332	0.6254
